9.826496839523315430e-01
1.120386242866516113e+00
1.469672322273254395e+00
1.150191307067871094e+00
8.518625497817993164e-01
9.019326567649841309e-01
1.958969712257385254e+00
1.136473774909973145e+00
1.921690344810485840e+00
1.395209312438964844e+00
1.471232056617736816e+00
1.243972063064575195e+00
1.746809244155883789e+00
5.824225544929504395e-01
1.417775630950927734e+00
1.237820267677307129e+00
1.511668920516967773e+00
1.785269260406494141e+00
1.561655044555664062e+00
8.437282443046569824e-01
1.650203466415405273e+00
1.152077436447143555e+00
1.758920788764953613e+00
7.288039326667785645e-01
1.257426500320434570e+00
1.934121131896972656e+00
8.106965422630310059e-01
1.158911824226379395e+00
1.574834823608398438e+00
1.879536867141723633e+00
1.882090449333190918e+00
1.721071124076843262e+00
1.528862953186035156e+00
1.383198738098144531e+00
1.271921634674072266e+00
1.369485855102539062e+00
1.436107754707336426e+00
1.389411211013793945e+00
9.323624372482299805e-01
2.568734169006347656e+00
1.146779060363769531e+00
1.555389046669006348e+00
1.754010438919067383e+00
9.615950584411621094e-01
1.774888992309570312e+00
1.080826878547668457e+00
1.866044640541076660e+00
1.465473771095275879e+00
7.959653735160827637e-01
1.321067094802856445e+00
1.786350369453430176e+00
8.767392039299011230e-01
1.053789734840393066e+00
1.446349978446960449e+00
2.282370805740356445e+00
1.913294911384582520e+00
6.832044720649719238e-01
1.188234686851501465e+00
1.292036533355712891e+00
1.079271554946899414e+00
1.582419037818908691e+00
1.325861334800720215e+00
1.624575495719909668e+00
1.448034882545471191e+00
9.302048087120056152e-01
1.658982038497924805e+00
2.173364162445068359e+00
8.491806387901306152e-01
1.308376550674438477e+00
1.285848140716552734e+00
1.135232567787170410e+00
1.189074993133544922e+00
2.343102216720581055e+00
1.863713502883911133e+00
1.356781244277954102e+00
1.395958662033081055e+00
1.112082719802856445e+00
1.689521789550781250e+00
1.851796150207519531e+00
1.148785591125488281e+00
1.291870117187500000e+00
1.174617528915405273e+00
1.291622042655944824e+00
1.797110199928283691e+00
1.060437679290771484e+00
1.188951730728149414e+00
1.171057820320129395e+00
2.312794685363769531e+00
1.528642296791076660e+00
1.094482660293579102e+00
1.349862575531005859e+00
7.506176829338073730e-01
2.316637992858886719e+00
1.132130742073059082e+00
1.048771142959594727e+00
1.304449319839477539e+00
1.492467880249023438e+00
1.867873787879943848e+00
1.600324988365173340e+00
1.205179810523986816e+00
2.253694057464599609e+00
9.756079912185668945e-01
1.924831151962280273e+00
2.125032186508178711e+00
2.477314710617065430e+00
2.104655027389526367e+00
1.576043605804443359e+00
2.115051031112670898e+00
8.838267922401428223e-01
1.165296077728271484e+00
8.232305645942687988e-01
1.845564484596252441e+00
1.408051848411560059e+00
1.629533171653747559e+00
1.759651303291320801e+00
1.622036814689636230e+00
1.338887691497802734e+00
1.544872522354125977e+00
9.713797569274902344e-01
1.922361254692077637e+00
1.568754911422729492e+00
1.736018896102905273e+00
1.250226259231567383e+00
2.153878211975097656e+00
8.386468291282653809e-01
7.125197052955627441e-01
1.978088855743408203e+00
1.369279146194458008e+00
1.324834108352661133e+00
1.861608266830444336e+00
1.457976818084716797e+00
1.252467632293701172e+00
2.921606063842773438e+00
1.967632770538330078e+00
1.387611389160156250e+00
1.432304620742797852e+00
2.202229738235473633e+00
9.860892891883850098e-01
1.805182218551635742e+00
2.730156898498535156e+00
6.224285364151000977e-01
1.834171772003173828e+00
1.324116587638854980e+00
1.452829003334045410e+00
1.131073594093322754e+00
1.785874009132385254e+00
1.138178706169128418e+00
1.890795230865478516e+00
2.306709051132202148e+00
1.125142455101013184e+00
1.650459527969360352e+00
1.590584516525268555e+00
1.113403439521789551e+00
1.546937823295593262e+00
1.228705644607543945e+00
1.644907355308532715e+00
1.385628700256347656e+00
1.225815773010253906e+00
9.941625595092773438e-01
1.228776693344116211e+00
1.729416012763977051e+00
1.941625356674194336e+00
1.009264826774597168e+00
1.253944635391235352e+00
1.354371666908264160e+00
1.194974660873413086e+00
9.507000446319580078e-01
1.582999467849731445e+00
1.324437856674194336e+00
2.141299962997436523e+00
1.428791642189025879e+00
2.878168106079101562e+00
1.000385999679565430e+00
1.896718740463256836e+00
1.810947060585021973e+00
2.069561719894409180e+00
1.354477643966674805e+00
1.863876223564147949e+00
1.444028258323669434e+00
1.704947233200073242e+00
1.749526977539062500e+00
1.853349208831787109e+00
1.597480893135070801e+00
1.857101559638977051e+00
1.367588162422180176e+00
2.275596857070922852e+00
1.660119175910949707e+00
9.435333013534545898e-01
9.928576350212097168e-01
1.498553872108459473e+00
1.621925234794616699e+00
1.137723803520202637e+00
1.513265013694763184e+00
1.211919665336608887e+00
1.086225986480712891e+00
1.124248862266540527e+00
1.561341643333435059e+00
2.069483041763305664e+00
1.394455671310424805e+00
7.982576489448547363e-01
1.084540367126464844e+00
1.863676548004150391e+00
1.641840338706970215e+00
1.712152242660522461e+00
1.088120222091674805e+00
1.435264945030212402e+00
7.520090341567993164e-01
1.351929187774658203e+00
1.677107691764831543e+00
1.331501722335815430e+00
9.799621701240539551e-01
1.913760662078857422e+00
1.643091917037963867e+00
1.889408469200134277e+00
1.677793025970458984e+00
1.434563517570495605e+00
1.043242096900939941e+00
1.882850646972656250e+00
1.252889513969421387e+00
1.547230005264282227e+00
1.205652713775634766e+00
1.450494170188903809e+00
1.803643941879272461e+00
1.197646379470825195e+00
1.929498314857482910e+00
1.265997052192687988e+00
5.995308756828308105e-01
1.871379494667053223e+00
1.787841558456420898e+00
7.020708918571472168e-01
1.602045297622680664e+00
1.293546915054321289e+00
9.865705370903015137e-01
1.302778124809265137e+00
1.762160539627075195e+00
1.314118981361389160e+00
2.165160655975341797e+00
1.234704136848449707e+00
1.549161553382873535e+00
1.617565989494323730e+00
1.874969244003295898e+00
1.238449096679687500e+00
1.277558565139770508e+00
1.760433554649353027e+00
1.167944073677062988e+00
1.873770475387573242e+00
1.378624200820922852e+00
1.396978497505187988e+00
1.403147816658020020e+00
1.545333743095397949e+00
1.500020146369934082e+00
7.227929830551147461e-01
1.427378058433532715e+00
7.680775523185729980e-01
1.434556722640991211e+00
1.709729671478271484e+00
2.096803903579711914e+00
1.500767827033996582e+00
2.408320665359497070e+00
1.380389809608459473e+00
1.468024253845214844e+00
1.534545063972473145e+00
1.436864852905273438e+00
1.122189283370971680e+00
1.231255531311035156e+00
2.149935245513916016e+00
9.754016995429992676e-01
7.891217470169067383e-01
1.781874299049377441e+00
1.694737076759338379e+00
1.835106134414672852e+00
1.341221570968627930e+00
1.075133085250854492e+00
1.478737950325012207e+00
1.104498863220214844e+00
2.336826562881469727e+00
1.329254031181335449e+00
1.355016112327575684e+00
1.294389963150024414e+00
1.305263042449951172e+00
1.428160190582275391e+00
1.081559777259826660e+00
1.963123679161071777e+00
1.406044125556945801e+00
9.689602255821228027e-01
1.170104622840881348e+00
1.518314003944396973e+00
1.110818386077880859e+00
1.165541768074035645e+00
1.705891370773315430e+00
2.239574909210205078e+00
1.661522507667541504e+00
8.213408589363098145e-01
1.758863925933837891e+00
1.293766617774963379e+00
1.219903826713562012e+00
1.198552250862121582e+00
1.543751716613769531e+00
1.167274117469787598e+00
1.972457051277160645e+00
1.153934240341186523e+00
1.582846641540527344e+00
9.458876252174377441e-01
1.897341251373291016e+00
1.404555559158325195e+00
1.436832070350646973e+00
2.407499074935913086e+00
6.366074681282043457e-01
2.064670085906982422e+00
1.784392952919006348e+00
1.734885096549987793e+00
1.648745059967041016e+00
1.250295996665954590e+00
8.961539864540100098e-01
1.964804768562316895e+00
1.197940349578857422e+00
1.480313062667846680e+00
1.508620381355285645e+00
2.504663705825805664e+00
1.181098103523254395e+00
1.688562870025634766e+00
2.779785871505737305e+00
1.430227160453796387e+00
1.389756441116333008e+00
1.781390786170959473e+00
8.484044671058654785e-01
1.136824846267700195e+00
1.893856406211853027e+00
1.346181511878967285e+00
1.104969859123229980e+00
1.331607580184936523e+00
1.110103011131286621e+00
1.735755801200866699e+00
1.317045450210571289e+00
9.859437942504882812e-01
1.599830269813537598e+00
1.268221139907836914e+00
1.342080116271972656e+00
1.291433453559875488e+00
2.024624586105346680e+00
1.980802059173583984e+00
9.242058396339416504e-01
1.512646317481994629e+00
1.581250309944152832e+00
1.309399843215942383e+00
1.337096452713012695e+00
1.167939662933349609e+00
1.743383765220642090e+00
2.271687746047973633e+00
9.635464549064636230e-01
1.579278469085693359e+00
8.395091295242309570e-01
1.417469620704650879e+00
9.716552495956420898e-01
1.611890554428100586e+00
1.615797400474548340e+00
8.558809161186218262e-01
1.665996193885803223e+00
1.340708255767822266e+00
1.032419919967651367e+00
1.877694249153137207e+00
1.807056307792663574e+00
9.718232154846191406e-01
1.941363930702209473e+00
7.799483537673950195e-01
1.830866575241088867e+00
1.958291292190551758e+00
1.999648094177246094e+00
3.602954149246215820e+00
1.048249721527099609e+00
1.620235681533813477e+00
2.260599851608276367e+00
1.913200020790100098e+00
1.673258304595947266e+00
2.033877134323120117e+00
9.733187556266784668e-01
1.271169900894165039e+00
1.178684473037719727e+00
1.092597126960754395e+00
1.916043996810913086e+00
1.134004354476928711e+00
1.644021391868591309e+00
1.071027278900146484e+00
1.314438462257385254e+00
2.131652355194091797e+00
1.759728074073791504e+00
2.009559154510498047e+00
1.300230979919433594e+00
1.694112658500671387e+00
1.503422379493713379e+00
1.172386884689331055e+00
1.103557467460632324e+00
1.964066028594970703e+00
1.409175753593444824e+00
1.136740207672119141e+00
1.489392399787902832e+00
1.253554582595825195e+00
1.438387989997863770e+00
1.085001945495605469e+00
1.483916640281677246e+00
1.372821092605590820e+00
2.039056539535522461e+00
9.220228195190429688e-01
1.597615003585815430e+00
1.416754364967346191e+00
2.447058677673339844e+00
8.172692656517028809e-01
2.703951120376586914e+00
1.974772691726684570e+00
1.437967061996459961e+00
2.286571741104125977e+00
1.361124515533447266e+00
1.705489039421081543e+00
2.419672966003417969e+00
1.735628128051757812e+00
1.788676857948303223e+00
1.619289517402648926e+00
2.203898668289184570e+00
1.423253536224365234e+00
2.009508848190307617e+00
1.599174022674560547e+00
1.480450868606567383e+00
1.648841857910156250e+00
1.514769792556762695e+00
1.611370086669921875e+00
2.478266477584838867e+00
1.547374367713928223e+00
1.436472535133361816e+00
8.179202675819396973e-01
1.480981707572937012e+00
1.978532433509826660e+00
1.888795852661132812e+00
1.822437882423400879e+00
8.795994520187377930e-01
1.711614370346069336e+00
2.234321832656860352e+00
9.992085099220275879e-01
1.369742751121520996e+00
1.938181042671203613e+00
1.693139672279357910e+00
1.869802832603454590e+00
1.555248618125915527e+00
1.544359445571899414e+00
2.256386756896972656e+00
1.835742235183715820e+00
1.950578808784484863e+00
1.061983942985534668e+00
1.134726524353027344e+00
7.748343944549560547e-01
9.324720501899719238e-01
1.297518968582153320e+00
9.665284752845764160e-01
1.444379687309265137e+00
1.318053126335144043e+00
1.502235651016235352e+00
5.262940526008605957e-01
1.344366908073425293e+00
1.396339297294616699e+00
1.072728157043457031e+00
1.779094219207763672e+00
1.426285028457641602e+00
1.434856176376342773e+00
9.187752604484558105e-01
1.228762269020080566e+00
1.007573843002319336e+00
1.931996941566467285e+00
1.240763187408447266e+00
1.855190277099609375e+00
9.913107156753540039e-01
1.488145947456359863e+00
2.189148187637329102e+00
1.783497095108032227e+00
1.143570899963378906e+00
1.528143644332885742e+00
1.399139285087585449e+00
1.929460048675537109e+00
3.522174358367919922e+00
1.244668960571289062e+00
1.880303978919982910e+00
2.446906089782714844e+00
1.346590638160705566e+00
1.738565921783447266e+00
1.268164873123168945e+00
1.159289717674255371e+00
1.151483893394470215e+00
2.052546977996826172e+00
1.170574188232421875e+00
2.225603818893432617e+00
2.273617267608642578e+00
8.979027867317199707e-01
1.831260442733764648e+00
1.419197916984558105e+00
1.443397760391235352e+00
1.574847817420959473e+00
1.922570943832397461e+00
1.491162776947021484e+00
1.143252491950988770e+00
1.570491075515747070e+00
1.766120672225952148e+00
9.141963124275207520e-01
1.335089564323425293e+00
1.816539049148559570e+00
1.262697577476501465e+00
1.072917461395263672e+00
1.015607476234436035e+00
1.590716838836669922e+00
7.908071875572204590e-01
9.809550642967224121e-01
1.013148188591003418e+00
1.170802831649780273e+00
1.267921566963195801e+00
1.330255746841430664e+00
