9.988545775413513184e-01
9.991364479064941406e-01
9.959751963615417480e-01
9.969621300697326660e-01
1.000390529632568359e+00
1.010211467742919922e+00
1.001687288284301758e+00
1.000947117805480957e+00
1.001916885375976562e+00
1.000242590904235840e+00
1.000268220901489258e+00
9.992705583572387695e-01
1.005607962608337402e+00
9.971769452095031738e-01
9.972718954086303711e-01
1.001569032669067383e+00
1.000218272209167480e+00
1.001145482063293457e+00
9.975409507751464844e-01
1.001508712768554688e+00
1.001987576484680176e+00
1.000974774360656738e+00
1.007193922996520996e+00
9.962801933288574219e-01
1.004288673400878906e+00
9.957059025764465332e-01
9.989409446716308594e-01
1.001355648040771484e+00
9.936581254005432129e-01
1.000343441963195801e+00
9.973175525665283203e-01
1.003533363342285156e+00
1.002045273780822754e+00
1.005736112594604492e+00
9.985213279724121094e-01
9.956048727035522461e-01
9.985393881797790527e-01
9.981806874275207520e-01
9.966378808021545410e-01
1.003432035446166992e+00
1.000234246253967285e+00
9.953318834304809570e-01
1.000945448875427246e+00
1.000499129295349121e+00
9.993617534637451172e-01
1.002382874488830566e+00
9.940872788429260254e-01
9.984463453292846680e-01
1.007290720939636230e+00
9.968938827514648438e-01
9.996809363365173340e-01
1.002069354057312012e+00
9.982212185859680176e-01
9.989994168281555176e-01
1.001788020133972168e+00
9.966465234756469727e-01
9.988356232643127441e-01
9.993744492530822754e-01
1.001173019409179688e+00
1.003873586654663086e+00
9.999400973320007324e-01
1.005690455436706543e+00
1.001257658004760742e+00
9.996200799942016602e-01
9.978263378143310547e-01
1.002578973770141602e+00
1.001901984214782715e+00
9.988191723823547363e-01
1.002655625343322754e+00
9.985435605049133301e-01
9.979024529457092285e-01
9.958664774894714355e-01
9.992614984512329102e-01
9.992167353630065918e-01
9.965561032295227051e-01
9.996525645256042480e-01
1.002370357513427734e+00
9.982677102088928223e-01
1.001602292060852051e+00
9.959991574287414551e-01
9.955987930297851562e-01
9.978732466697692871e-01
9.945800900459289551e-01
9.990953803062438965e-01
1.001471877098083496e+00
1.005438685417175293e+00
9.999777674674987793e-01
9.994108080863952637e-01
9.981788992881774902e-01
9.992076754570007324e-01
1.000233650207519531e+00
1.000905632972717285e+00
9.997819066047668457e-01
9.954543113708496094e-01
1.002064704895019531e+00
1.002218842506408691e+00
1.002626061439514160e+00
9.955074191093444824e-01
1.002239227294921875e+00
1.000329375267028809e+00
1.006207346916198730e+00
1.004413485527038574e+00
9.935663938522338867e-01
9.949064254760742188e-01
9.928538799285888672e-01
1.001124143600463867e+00
1.000840425491333008e+00
1.004390239715576172e+00
9.967486858367919922e-01
9.956325888633728027e-01
9.996956586837768555e-01
9.974644184112548828e-01
1.005658268928527832e+00
1.004075169563293457e+00
9.941806793212890625e-01
9.977887868881225586e-01
9.999510049819946289e-01
9.949484467506408691e-01
9.976852536201477051e-01
9.950070977210998535e-01
9.962483644485473633e-01
9.978911280632019043e-01
9.981280565261840820e-01
9.948222637176513672e-01
9.932931065559387207e-01
9.991808533668518066e-01
9.970206618309020996e-01
1.006156444549560547e+00
9.988593459129333496e-01
1.000218629837036133e+00
9.940576553344726562e-01
1.004043579101562500e+00
1.003112435340881348e+00
9.973026514053344727e-01
1.003272652626037598e+00
9.983943700790405273e-01
9.955643415451049805e-01
1.001608490943908691e+00
1.004209756851196289e+00
9.967722296714782715e-01
9.968228340148925781e-01
1.004969120025634766e+00
9.987248778343200684e-01
9.983421564102172852e-01
1.001332521438598633e+00
9.989854097366333008e-01
9.983764290809631348e-01
9.963818788528442383e-01
1.002839088439941406e+00
1.003075599670410156e+00
1.001977324485778809e+00
1.002945184707641602e+00
9.974987506866455078e-01
1.005310893058776855e+00
9.991717338562011719e-01
1.002803564071655273e+00
1.002226829528808594e+00
1.002515196800231934e+00
9.978417158126831055e-01
1.002168178558349609e+00
1.005750179290771484e+00
1.006150126457214355e+00
9.936543107032775879e-01
9.989643692970275879e-01
1.005226373672485352e+00
1.001259803771972656e+00
1.000825405120849609e+00
1.005027413368225098e+00
9.941350221633911133e-01
1.004433393478393555e+00
1.005105018615722656e+00
1.000429272651672363e+00
9.945102930068969727e-01
9.948319792747497559e-01
1.003718256950378418e+00
9.978541135787963867e-01
1.000551104545593262e+00
1.006062865257263184e+00
9.985191226005554199e-01
9.983351826667785645e-01
1.008085608482360840e+00
9.991153478622436523e-01
1.000662088394165039e+00
1.001793384552001953e+00
1.000585794448852539e+00
9.976317286491394043e-01
9.953159093856811523e-01
9.967631101608276367e-01
1.000233411788940430e+00
9.966636300086975098e-01
1.001456975936889648e+00
9.974888563156127930e-01
1.002320885658264160e+00
1.002440810203552246e+00
1.003549098968505859e+00
9.973919987678527832e-01
9.991065859794616699e-01
1.007687211036682129e+00
9.974058866500854492e-01
9.935642480850219727e-01
9.999663829803466797e-01
9.996050000190734863e-01
1.005457639694213867e+00
9.954250454902648926e-01
1.002903580665588379e+00
1.001156926155090332e+00
9.945715069770812988e-01
9.959623813629150391e-01
9.971667528152465820e-01
1.000883460044860840e+00
1.004307270050048828e+00
1.011159420013427734e+00
1.002031564712524414e+00
1.000884890556335449e+00
9.973179101943969727e-01
9.960843324661254883e-01
1.000767946243286133e+00
9.963579773902893066e-01
1.002214193344116211e+00
1.000073075294494629e+00
9.982643127441406250e-01
1.000065445899963379e+00
1.012966990470886230e+00
1.000350713729858398e+00
1.004697203636169434e+00
9.951605200767517090e-01
9.966260194778442383e-01
9.959422945976257324e-01
1.006978511810302734e+00
9.957927465438842773e-01
1.001795291900634766e+00
9.952232241630554199e-01
9.982776641845703125e-01
1.000806450843811035e+00
9.996830224990844727e-01
1.000630736351013184e+00
1.008108496665954590e+00
9.941337108612060547e-01
1.002190828323364258e+00
9.917131662368774414e-01
1.002271413803100586e+00
9.998426437377929688e-01
1.002335190773010254e+00
1.001863956451416016e+00
1.006376624107360840e+00
9.954621195793151855e-01
1.001132249832153320e+00
9.994197487831115723e-01
9.988240003585815430e-01
9.974913001060485840e-01
9.990048408508300781e-01
9.979878664016723633e-01
1.004237532615661621e+00
9.983549714088439941e-01
1.000862717628479004e+00
9.957743883132934570e-01
9.969639778137207031e-01
9.942273497581481934e-01
9.991125464439392090e-01
9.949457049369812012e-01
1.001859426498413086e+00
9.917898178100585938e-01
1.001228213310241699e+00
1.001094222068786621e+00
9.931861162185668945e-01
9.991312026977539062e-01
1.003556489944458008e+00
9.985460042953491211e-01
1.003735661506652832e+00
9.978206753730773926e-01
9.952537417411804199e-01
9.983544349670410156e-01
1.004783034324645996e+00
1.002979397773742676e+00
9.944687485694885254e-01
1.001466751098632812e+00
9.966641664505004883e-01
1.000106453895568848e+00
1.001582622528076172e+00
9.935592412948608398e-01
1.004636764526367188e+00
1.000892281532287598e+00
9.997020959854125977e-01
1.000085353851318359e+00
1.001631736755371094e+00
9.984771609306335449e-01
9.952515959739685059e-01
9.985178709030151367e-01
1.001490235328674316e+00
9.991950988769531250e-01
1.002871870994567871e+00
9.939482212066650391e-01
1.002647995948791504e+00
9.988303184509277344e-01
9.969694614410400391e-01
9.946213960647583008e-01
9.990923404693603516e-01
9.991146922111511230e-01
9.962545037269592285e-01
9.989884495735168457e-01
1.000099658966064453e+00
9.963980913162231445e-01
9.992449879646301270e-01
1.002577781677246094e+00
9.956351518630981445e-01
9.993736743927001953e-01
1.004366874694824219e+00
9.964567422866821289e-01
1.002410888671875000e+00
9.934452772140502930e-01
1.002646207809448242e+00
9.955617785453796387e-01
9.979055523872375488e-01
1.005403995513916016e+00
1.000138878822326660e+00
1.005202531814575195e+00
9.946637749671936035e-01
9.970370531082153320e-01
9.969647526741027832e-01
9.950961470603942871e-01
9.989609718322753906e-01
9.971300959587097168e-01
9.964865446090698242e-01
9.969021677970886230e-01
9.945183992385864258e-01
9.983447194099426270e-01
1.002078533172607422e+00
1.004354119300842285e+00
9.984924197196960449e-01
1.000737667083740234e+00
1.000826597213745117e+00
1.004095077514648438e+00
1.001397490501403809e+00
9.987125992774963379e-01
9.965197443962097168e-01
9.950163960456848145e-01
1.000257492065429688e+00
9.995798468589782715e-01
1.000637412071228027e+00
1.003169417381286621e+00
1.001784563064575195e+00
1.003606557846069336e+00
9.971964359283447266e-01
1.002896428108215332e+00
9.944075942039489746e-01
1.006191730499267578e+00
1.000765919685363770e+00
1.004165649414062500e+00
1.001563668251037598e+00
1.007430911064147949e+00
9.980397820472717285e-01
1.004453539848327637e+00
1.007781028747558594e+00
9.951639175415039062e-01
1.000663638114929199e+00
9.996760487556457520e-01
9.999006986618041992e-01
1.003154993057250977e+00
1.003809809684753418e+00
9.951524734497070312e-01
1.003313302993774414e+00
1.003232598304748535e+00
1.000566124916076660e+00
1.001212954521179199e+00
1.001649022102355957e+00
1.001299858093261719e+00
1.004226803779602051e+00
9.987486600875854492e-01
1.005126237869262695e+00
9.951004981994628906e-01
1.002139329910278320e+00
9.992220997810363770e-01
1.002231836318969727e+00
9.967096447944641113e-01
1.001334547996520996e+00
9.988732337951660156e-01
9.988539218902587891e-01
1.001663446426391602e+00
1.001850724220275879e+00
1.005146145820617676e+00
9.963161945343017578e-01
9.952972531318664551e-01
9.964993596076965332e-01
1.007553935050964355e+00
1.006052374839782715e+00
9.955148100852966309e-01
9.982545971870422363e-01
1.002394437789916992e+00
1.009487509727478027e+00
1.008397817611694336e+00
1.003249526023864746e+00
9.967271089553833008e-01
9.960938096046447754e-01
9.973815083503723145e-01
1.001616477966308594e+00
1.002444386482238770e+00
9.972122311592102051e-01
9.982849359512329102e-01
9.988574385643005371e-01
1.000177741050720215e+00
9.975390434265136719e-01
1.004026889801025391e+00
9.963927268981933594e-01
1.006395339965820312e+00
1.001171827316284180e+00
1.002855181694030762e+00
9.965119361877441406e-01
1.005300641059875488e+00
1.010234117507934570e+00
9.980860948562622070e-01
9.942015409469604492e-01
1.004763245582580566e+00
9.987723827362060547e-01
1.007539510726928711e+00
1.004926323890686035e+00
1.005954265594482422e+00
1.004266500473022461e+00
9.962604641914367676e-01
1.001450896263122559e+00
1.001929044723510742e+00
1.002557635307312012e+00
9.972790479660034180e-01
9.993892908096313477e-01
1.004021286964416504e+00
9.989629387855529785e-01
1.002879858016967773e+00
9.989274740219116211e-01
1.001429319381713867e+00
1.002133727073669434e+00
9.959537386894226074e-01
9.972448945045471191e-01
9.994729161262512207e-01
1.008757710456848145e+00
9.984679818153381348e-01
1.003475308418273926e+00
1.002200126647949219e+00
9.986594319343566895e-01
1.000031709671020508e+00
1.001814961433410645e+00
9.987025260925292969e-01
9.946117997169494629e-01
9.960610866546630859e-01
9.989547133445739746e-01
9.965903759002685547e-01
1.004725456237792969e+00
1.000087499618530273e+00
9.972241520881652832e-01
1.000888705253601074e+00
1.002086997032165527e+00
9.982733726501464844e-01
1.003926753997802734e+00
1.005328893661499023e+00
9.997711777687072754e-01
1.000682830810546875e+00
9.982881546020507812e-01
9.992818832397460938e-01
1.003634572029113770e+00
9.976789951324462891e-01
9.988073110580444336e-01
9.946471452713012695e-01
1.002490282058715820e+00
9.947845935821533203e-01
1.004110217094421387e+00
1.006414175033569336e+00
1.005341529846191406e+00
9.952605366706848145e-01
9.989767670631408691e-01
1.003404259681701660e+00
9.932243227958679199e-01
9.950973987579345703e-01
9.970525503158569336e-01
1.001622200012207031e+00
9.987938404083251953e-01
9.996696114540100098e-01
9.945856332778930664e-01
1.005676507949829102e+00
9.930014610290527344e-01
1.003647804260253906e+00
1.000391840934753418e+00
1.006686091423034668e+00
9.995956420898437500e-01
9.992179274559020996e-01
9.937945008277893066e-01
1.004157900810241699e+00
1.009353637695312500e+00
1.000433087348937988e+00
9.992872476577758789e-01
1.008808612823486328e+00
1.005445957183837891e+00
9.993784427642822266e-01
9.972500205039978027e-01
9.954926371574401855e-01
9.971977472305297852e-01
9.970952868461608887e-01
9.996129274368286133e-01
9.984471797943115234e-01
9.966263771057128906e-01
9.998615384101867676e-01
1.002243995666503906e+00
9.967603683471679688e-01
1.001649379730224609e+00
9.944383502006530762e-01
9.985319972038269043e-01
1.002853751182556152e+00
1.002283692359924316e+00
1.004661917686462402e+00
1.006257414817810059e+00
9.941630363464355469e-01
9.967520833015441895e-01
1.002127289772033691e+00
9.963287115097045898e-01
9.972656369209289551e-01
