1.626523137092590332e+00
-1.335642814636230469e+00
3.641689538955688477e+00
-3.486909627914428711e+00
-4.699150919914245605e-01
-1.024168729782104492e+00
1.352171540260314941e+00
-8.772615194320678711e-01
6.670621037483215332e-01
-2.535165786743164062e+00
-2.756655931472778320e+00
-5.522799212485551834e-03
-7.121719121932983398e-01
1.432399824261665344e-02
6.946780085563659668e-01
-2.874720335006713867e+00
-1.720991969108581543e+00
-2.243255853652954102e+00
2.352586746215820312e+00
-2.863116979598999023e+00
-1.355692744255065918e+00
-8.409372568130493164e-01
-6.842004656791687012e-01
1.934494733810424805e+00
-1.547045230865478516e+00
2.116480112075805664e+00
1.251127123832702637e+00
-1.781758546829223633e+00
1.225740313529968262e+00
-1.842894434928894043e+00
-3.510909080505371094e+00
1.543671131134033203e+00
-1.578264236450195312e+00
2.965965569019317627e-01
-2.766603231430053711e-01
1.996529102325439453e+00
-7.495453953742980957e-01
1.069320678710937500e+00
1.017061114311218262e+00
-6.951473355293273926e-01
-1.252273559570312500e+00
2.870269298553466797e+00
-3.183963298797607422e+00
-4.944377541542053223e-01
-1.275225877761840820e+00
-2.018355846405029297e+00
1.343104243278503418e+00
2.286572217941284180e+00
-1.172374725341796875e+00
2.647364616394042969e+00
-1.494233131408691406e+00
9.472169280052185059e-01
-2.497222423553466797e+00
2.003990411758422852e+00
3.658336102962493896e-01
1.988029360771179199e+00
4.881071746349334717e-01
4.584971964359283447e-01
-2.881257772445678711e+00
2.941771447658538818e-01
3.031820535659790039e+00
5.680088400840759277e-01
-1.414030671119689941e+00
1.222261071205139160e+00
-1.805575132369995117e+00
-1.059412002563476562e+00
-1.635906934738159180e+00
1.755783796310424805e+00
5.821820497512817383e-01
-1.217094898223876953e+00
7.843502759933471680e-01
1.389480710029602051e+00
-8.991317152976989746e-01
2.171207189559936523e+00
2.141649007797241211e+00
-3.019657611846923828e+00
1.144243836402893066e+00
1.807683229446411133e+00
-1.813797593116760254e+00
4.627451896667480469e-01
1.428141951560974121e+00
1.768200039863586426e+00
2.519699811935424805e+00
-3.114126205444335938e+00
3.203104808926582336e-02
2.394503653049468994e-01
-1.757949113845825195e+00
-1.395144760608673096e-01
-1.524237513542175293e+00
-1.165223836898803711e+00
3.488327562808990479e-01
-1.753708004951477051e+00
-1.032514333724975586e+00
2.399750500917434692e-01
-2.743572294712066650e-01
1.784436941146850586e+00
-3.403470814228057861e-01
-2.744909763336181641e+00
-2.976239919662475586e+00
-8.984541893005371094e-01
2.046621322631835938e+00
-6.212357878684997559e-01
2.596962451934814453e+00
2.373220920562744141e+00
2.949891567230224609e+00
-1.188334465026855469e+00
-1.996698498725891113e+00
6.750375032424926758e-01
-2.219478368759155273e+00
4.692285060882568359e-01
1.022732853889465332e+00
-2.878455400466918945e+00
-2.029910087585449219e+00
-1.732642173767089844e+00
3.089210510253906250e+00
-2.808952569961547852e+00
-1.759893655776977539e+00
1.991798520088195801e+00
-1.380955725908279419e-01
8.999839425086975098e-01
-7.702181115746498108e-03
1.389415383338928223e+00
1.607720702886581421e-01
1.480550289154052734e+00
-1.271081686019897461e+00
2.602758109569549561e-01
-4.153533458709716797e+00
6.394892185926437378e-02
4.005524888634681702e-02
1.126697063446044922e+00
2.576989412307739258e+00
1.321880072355270386e-01
1.247678637504577637e+00
1.261319756507873535e+00
-2.238216876983642578e+00
-1.523627519607543945e+00
2.172730684280395508e+00
-1.058832764625549316e+00
-1.391253352165222168e+00
3.674154758453369141e+00
9.240550994873046875e-01
-5.101568698883056641e-01
-1.797814965248107910e+00
2.980655431747436523e+00
-7.040838599205017090e-01
9.859635829925537109e-01
5.662742853164672852e-01
3.033594846725463867e+00
-1.357693791389465332e+00
4.842590987682342529e-01
-5.775057673454284668e-01
-4.439038634300231934e-01
-4.844052493572235107e-01
-1.124025583267211914e+00
-3.843333721160888672e-01
-8.641919493675231934e-01
-1.728051185607910156e+00
4.104905724525451660e-01
-2.960089206695556641e+00
-5.071161985397338867e-01
-2.340292692184448242e+00
-1.616523027420043945e+00
1.105435132980346680e+00
9.607895612716674805e-01
-1.899876259267330170e-02
-1.591395974159240723e+00
-1.540154814720153809e+00
-9.253423810005187988e-01
-3.333162784576416016e+00
-1.159226655960083008e+00
-1.246513128280639648e+00
-3.608053445816040039e+00
2.375682353973388672e+00
3.675213813781738281e+00
-1.414775013923645020e+00
1.204098224639892578e+00
-3.098950624465942383e+00
-1.298560857772827148e+00
-9.372555613517761230e-01
8.521993458271026611e-02
-1.318212866783142090e+00
-6.382974982261657715e-01
-2.624280154705047607e-01
-3.339101791381835938e+00
1.244816660881042480e+00
2.242643833160400391e+00
1.829139947891235352e+00
-3.242083072662353516e+00
4.039309322834014893e-01
2.587325334548950195e+00
-1.768658757209777832e+00
-1.851641833782196045e-01
3.825643062591552734e-01
-1.992543935775756836e+00
-2.770022392272949219e+00
-8.904365301132202148e-01
8.084367513656616211e-01
-2.690232515335083008e+00
-2.943682670593261719e+00
1.088317155838012695e+00
-1.581786274909973145e+00
-1.522851467132568359e+00
-9.743201136589050293e-01
2.551066160202026367e+00
-1.000001549720764160e+00
7.700136899948120117e-01
2.336426019668579102e+00
2.489458322525024414e+00
-2.546226024627685547e+00
-5.219978690147399902e-01
3.474355041980743408e-01
1.283940076828002930e+00
8.993117511272430420e-02
-1.701344132423400879e+00
-2.751537561416625977e+00
-2.494243532419204712e-01
-1.189042448997497559e+00
-3.024466991424560547e+00
6.481537222862243652e-01
-2.877075910568237305e+00
1.037148594856262207e+00
-1.544730424880981445e+00
-6.180111169815063477e-01
-7.730641365051269531e-01
-2.915786504745483398e+00
2.767920732498168945e+00
6.990550160408020020e-01
8.267962932586669922e-01
-6.169414147734642029e-02
3.949001133441925049e-01
8.219360113143920898e-01
2.573680639266967773e+00
-1.512894630432128906e+00
-6.485064029693603516e-01
-3.269221067428588867e+00
-1.479266643524169922e+00
-4.743530154228210449e-01
2.350245237350463867e+00
-2.199032306671142578e+00
-6.759496331214904785e-01
1.563306808471679688e+00
-2.927687883377075195e+00
1.346659898757934570e+00
-1.399077653884887695e+00
-7.866324186325073242e-01
1.640491127967834473e+00
-9.115961194038391113e-01
-8.475114703178405762e-01
-6.202584505081176758e-01
-6.548254489898681641e-01
8.080255985260009766e-01
1.881473660469055176e+00
-2.840978503227233887e-01
-2.136216163635253906e+00
3.087557315826416016e+00
1.938314914703369141e+00
-2.887771129608154297e+00
3.023359060287475586e+00
3.240419626235961914e+00
3.427011489868164062e+00
-7.630088925361633301e-01
1.823681354522705078e+00
-1.605421423912048340e+00
-1.319325327873229980e+00
2.623150587081909180e+00
3.121924877166748047e+00
-2.266362190246582031e+00
1.466180324554443359e+00
-2.745811223983764648e+00
-1.817556262016296387e+00
-4.852981567382812500e+00
-1.524964332580566406e+00
-1.553604483604431152e+00
-8.347225785255432129e-01
-6.006960868835449219e-01
-1.212541699409484863e+00
1.367022871971130371e+00
-1.991731882095336914e+00
-2.238477945327758789e+00
3.017913579940795898e+00
-2.269598007202148438e+00
-1.256283640861511230e+00
-2.010092258453369141e+00
-5.502021312713623047e-01
-1.207659482955932617e+00
-5.457083582878112793e-01
1.561832070350646973e+00
-2.108392715454101562e+00
-1.712242841720581055e+00
-1.318650245666503906e+00
-1.755803108215332031e+00
1.703798174858093262e+00
-1.468316316604614258e-01
1.237354755401611328e+00
-6.817541122436523438e-01
1.195892333984375000e+00
-1.412914037704467773e+00
-2.179973363876342773e+00
-2.169674634933471680e+00
-1.847288370132446289e+00
-2.202665090560913086e+00
-2.568308830261230469e+00
-2.508943080902099609e+00
-2.698187589645385742e+00
2.335490703582763672e+00
7.616969197988510132e-02
-2.246701955795288086e+00
9.731659293174743652e-01
-6.650487184524536133e-01
2.012493371963500977e+00
-3.513622760772705078e+00
3.858053922653198242e+00
-8.150386810302734375e-01
-1.791943907737731934e+00
-2.431257486343383789e+00
-1.335036993026733398e+00
1.276391983032226562e+00
-1.727093696594238281e+00
2.712557792663574219e+00
2.977188348770141602e+00
-1.328818559646606445e+00
2.113059282302856445e+00
2.515407562255859375e+00
-3.244788348674774170e-01
3.686062097549438477e+00
-7.976071834564208984e-01
-5.279088616371154785e-01
-1.169843792915344238e+00
-1.714634418487548828e+00
-1.096189737319946289e+00
-5.967045426368713379e-01
1.148971095681190491e-01
-2.403156995773315430e+00
2.365262985229492188e+00
-1.821365475654602051e+00
2.786366701126098633e+00
-1.116119861602783203e+00
-4.345904588699340820e-01
-2.380179166793823242e+00
-2.626948118209838867e+00
-3.150837421417236328e+00
3.896199166774749756e-01
-2.934356927871704102e+00
-1.882503509521484375e+00
-2.657936096191406250e+00
-1.916524887084960938e+00
1.895188450813293457e+00
-2.726758718490600586e+00
-2.410337686538696289e+00
-6.801782250404357910e-01
-3.484842300415039062e+00
-4.628030061721801758e-01
-1.794075489044189453e+00
1.441489577293395996e+00
-2.465886116027832031e+00
6.780539155006408691e-01
-1.878206133842468262e+00
-2.064857006072998047e+00
-3.630675673484802246e-01
2.528946399688720703e+00
-2.519542932510375977e+00
8.404737710952758789e-01
2.989305734634399414e+00
-1.966756820678710938e+00
1.486699104309082031e+00
-3.030826091766357422e+00
9.836123883724212646e-02
-2.914800405502319336e+00
-1.994731783866882324e+00
-1.153445124626159668e+00
-4.145019352436065674e-01
1.811710834503173828e+00
-1.868574023246765137e+00
2.817782640457153320e+00
-2.251671791076660156e+00
-3.292594850063323975e-01
-7.679452896118164062e-01
-1.853789806365966797e+00
6.469205021858215332e-01
-1.381827950477600098e+00
-3.361119270324707031e+00
1.591759562492370605e+00
2.505761384963989258e+00
-2.330874919891357422e+00
-7.403295636177062988e-01
2.950487136840820312e+00
-3.987823486328125000e+00
-1.328311324119567871e+00
-1.627385497093200684e+00
2.603559494018554688e-01
-1.925461053848266602e+00
2.610903978347778320e-01
-4.609279632568359375e+00
8.332238793373107910e-01
-9.848017096519470215e-01
1.305901050567626953e+00
1.816493034362792969e+00
2.128961086273193359e+00
-1.611539363861083984e+00
-2.318388462066650391e+00
-3.089488744735717773e+00
3.573615849018096924e-01
1.814512491226196289e+00
-5.797655582427978516e-01
-1.628044247627258301e+00
-1.789406180381774902e+00
1.017631649971008301e+00
-1.082273364067077637e+00
-2.074353218078613281e+00
4.210846871137619019e-02
3.283844232559204102e+00
-9.822766780853271484e-01
3.218160867691040039e-01
1.101671695709228516e+00
-1.825611352920532227e+00
-1.136356949806213379e+00
-9.232070297002792358e-02
4.487212657928466797e+00
-1.163184642791748047e+00
-3.425076723098754883e+00
-1.764584541320800781e+00
2.302353143692016602e+00
-2.625778436660766602e+00
-8.543944954872131348e-01
-2.182694673538208008e+00
-1.436506032943725586e+00
-2.306313753128051758e+00
1.937499940395355225e-01
-2.553159952163696289e+00
2.515496492385864258e+00
-3.322825431823730469e+00
-1.834722280502319336e+00
-1.131121754646301270e+00
-4.002155065536499023e-01
-1.622679352760314941e+00
-2.808599948883056641e+00
1.285467743873596191e+00
2.062299966812133789e+00
-1.404133558273315430e+00
8.110991120338439941e-01
3.755053758621215820e+00
1.615635752677917480e+00
-1.942809581756591797e+00
3.490682125091552734e+00
-1.916696667671203613e+00
-1.098653793334960938e+00
1.205722332000732422e+00
-8.367924094200134277e-01
-2.064271211624145508e+00
6.899148821830749512e-01
-1.823628067970275879e+00
-9.689810872077941895e-01
-1.524715900421142578e+00
-1.600569605827331543e+00
-3.039158582687377930e+00
-1.289327383041381836e+00
-1.591720104217529297e+00
1.430065155029296875e+00
-2.394913673400878906e+00
3.767173528671264648e+00
1.694859564304351807e-01
2.667882442474365234e+00
-7.266053557395935059e-01
9.217046946287155151e-02
5.468206405639648438e-01
2.179613351821899414e+00
9.413115978240966797e-01
-2.849525690078735352e+00
2.894072294235229492e+00
1.233565807342529297e+00
-1.708567380905151367e+00
-2.518268346786499023e+00
6.393651366233825684e-01
-2.179732561111450195e+00
2.483506679534912109e+00
-2.482601642608642578e+00
4.735457897186279297e+00
-1.605880975723266602e+00
-1.542372941970825195e+00
-9.102196693420410156e-01
1.639720678329467773e+00
1.724207639694213867e+00
3.021790504455566406e+00
-9.730296730995178223e-01
-1.965152025222778320e-01
-2.566715717315673828e+00
3.073633015155792236e-01
-6.500953435897827148e-01
-1.884335398674011230e+00
1.532676696777343750e+00
-2.969492197036743164e+00
-2.844190120697021484e+00
2.065244913101196289e+00
2.289612531661987305e+00
2.410357713699340820e+00
-1.907467484474182129e+00
2.140614241361618042e-01
3.566409349441528320e+00
-6.535422205924987793e-01
2.468132257461547852e+00
-1.818650722503662109e+00
2.738419294357299805e+00
-1.594490051269531250e+00
-1.539929151535034180e+00
-1.297743916511535645e+00
-1.275385856628417969e+00
-2.346506416797637939e-01
2.146019697189331055e+00
2.201848983764648438e+00
-2.673868417739868164e+00
1.283182978630065918e+00
3.240686655044555664e+00
