8.456267118453979492e-01
8.806458115577697754e-01
7.133168578147888184e-01
6.661747694015502930e-01
1.332256436347961426e+00
9.890168309211730957e-01
7.233233451843261719e-01
4.028949737548828125e-01
7.436550259590148926e-01
7.497685551643371582e-01
1.116398215293884277e+00
6.188219785690307617e-01
7.757446765899658203e-01
2.552860975265502930e-01
1.153362274169921875e+00
6.380110979080200195e-01
8.475252389907836914e-01
8.251146674156188965e-01
6.778218150138854980e-01
7.766268849372863770e-01
4.498824775218963623e-01
4.721209704875946045e-01
1.143144011497497559e+00
6.370539069175720215e-01
4.787606298923492432e-01
6.775844097137451172e-01
7.529113888740539551e-01
7.788994908332824707e-01
6.044701337814331055e-01
1.137284517288208008e+00
5.731312632560729980e-01
6.551676392555236816e-01
7.757635116577148438e-01
7.151616215705871582e-01
5.937492847442626953e-01
7.937424182891845703e-01
5.095438957214355469e-01
3.918734788894653320e-01
7.318407893180847168e-01
6.153943538665771484e-01
7.064749598503112793e-01
7.383581995964050293e-01
9.075659513473510742e-01
8.818047046661376953e-01
7.508213520050048828e-01
1.163216233253479004e+00
8.295992016792297363e-01
6.667431592941284180e-01
6.349636316299438477e-01
7.209919095039367676e-01
8.058880567550659180e-01
8.041213750839233398e-01
6.320942044258117676e-01
1.025896430015563965e+00
7.749919295310974121e-01
9.034515619277954102e-01
8.744231462478637695e-01
1.181542038917541504e+00
5.807083845138549805e-01
5.229717493057250977e-01
9.565285444259643555e-01
6.926674842834472656e-01
6.027446985244750977e-01
9.604405760765075684e-01
5.809126496315002441e-01
6.929502487182617188e-01
1.478438973426818848e+00
5.720403194427490234e-01
6.954851150512695312e-01
1.075359225273132324e+00
6.124565601348876953e-01
6.996999382972717285e-01
7.947847247123718262e-01
7.065428495407104492e-01
6.805994510650634766e-01
3.355015814304351807e-01
5.607119798660278320e-01
5.942736268043518066e-01
6.778643131256103516e-01
7.054345607757568359e-01
1.097170352935791016e+00
6.698136925697326660e-01
8.148678541183471680e-01
6.699848771095275879e-01
7.337870001792907715e-01
1.044942736625671387e+00
4.824357628822326660e-01
5.975767374038696289e-01
1.100258827209472656e+00
6.667033433914184570e-01
6.038350462913513184e-01
7.736872434616088867e-01
8.931853175163269043e-01
4.372808039188385010e-01
5.087827444076538086e-01
7.489975094795227051e-01
9.382924437522888184e-01
5.821988582611083984e-01
9.709521532058715820e-01
7.603264451026916504e-01
6.043228507041931152e-01
7.403377890586853027e-01
8.430547118186950684e-01
7.704197764396667480e-01
7.025384902954101562e-01
7.646375894546508789e-01
7.852423191070556641e-01
7.243387699127197266e-01
8.790757060050964355e-01
6.976287961006164551e-01
6.821077466011047363e-01
4.315904974937438965e-01
4.097333848476409912e-01
7.403469681739807129e-01
6.454328894615173340e-01
1.123551368713378906e+00
8.183917999267578125e-01
9.692388772964477539e-01
1.085253119468688965e+00
7.665222883224487305e-01
8.445517420768737793e-01
4.505089521408081055e-01
8.499555587768554688e-01
1.105593681335449219e+00
5.260240435600280762e-01
8.924723267555236816e-01
9.047891497611999512e-01
5.169527530670166016e-01
8.021401762962341309e-01
6.949015259742736816e-01
1.018711328506469727e+00
3.358847796916961670e-01
6.083147525787353516e-01
1.400308609008789062e+00
6.815398335456848145e-01
1.100974798202514648e+00
8.636195659637451172e-01
8.418735265731811523e-01
7.567750811576843262e-01
5.780731439590454102e-01
8.263455033302307129e-01
7.305790185928344727e-01
8.952298164367675781e-01
4.875927269458770752e-01
9.574494361877441406e-01
6.628949642181396484e-01
7.978253364562988281e-01
5.024098157882690430e-01
1.081747293472290039e+00
7.948840856552124023e-01
9.274877905845642090e-01
9.548386335372924805e-01
8.076415061950683594e-01
7.585648894309997559e-01
7.333523035049438477e-01
6.299371123313903809e-01
6.729826927185058594e-01
4.889827370643615723e-01
6.209021210670471191e-01
7.837472558021545410e-01
6.627074480056762695e-01
7.113382816314697266e-01
6.798847913742065430e-01
8.830536603927612305e-01
7.813479900360107422e-01
7.529252767562866211e-01
6.626987457275390625e-01
3.113683462142944336e-01
6.628774404525756836e-01
5.028592348098754883e-01
7.911747694015502930e-01
8.080288171768188477e-01
6.158803105354309082e-01
7.335352301597595215e-01
5.003001093864440918e-01
6.122531890869140625e-01
9.664669036865234375e-01
6.625497341156005859e-01
4.766285121440887451e-01
1.049311399459838867e+00
5.012237429618835449e-01
3.380159139633178711e-01
5.754121541976928711e-01
6.894418597221374512e-01
8.292360901832580566e-01
7.283692359924316406e-01
6.204355359077453613e-01
9.670568108558654785e-01
9.666678309440612793e-01
6.829915642738342285e-01
7.281491756439208984e-01
1.110962510108947754e+00
8.000696897506713867e-01
1.023026108741760254e+00
5.562550425529479980e-01
5.574658513069152832e-01
4.837478101253509521e-01
6.974751949310302734e-01
8.829317092895507812e-01
5.984688401222229004e-01
1.020234704017639160e+00
8.217512965202331543e-01
7.355385422706604004e-01
5.719791054725646973e-01
5.560113191604614258e-01
6.130006313323974609e-01
5.025928616523742676e-01
9.158447384834289551e-01
8.824325203895568848e-01
5.123552083969116211e-01
4.900000095367431641e-01
7.362301349639892578e-01
8.015804290771484375e-01
7.189645767211914062e-01
4.106763303279876709e-01
8.969285488128662109e-01
6.120855212211608887e-01
6.408422589302062988e-01
7.764311432838439941e-01
9.791621565818786621e-01
1.025593519210815430e+00
7.200583815574645996e-01
9.817894101142883301e-01
5.205454826354980469e-01
7.767660021781921387e-01
6.981022357940673828e-01
8.582398891448974609e-01
6.530027389526367188e-01
7.128545641899108887e-01
8.895151615142822266e-01
5.666234493255615234e-01
3.911823928356170654e-01
5.658916831016540527e-01
6.798602342605590820e-01
8.374113440513610840e-01
8.117306232452392578e-01
9.285511970520019531e-01
6.996148228645324707e-01
7.671982645988464355e-01
8.011322021484375000e-01
5.120997428894042969e-01
7.518329024314880371e-01
7.353042960166931152e-01
6.852360963821411133e-01
4.632965326309204102e-01
5.258017182350158691e-01
5.399350523948669434e-01
1.197690486907958984e+00
5.569847822189331055e-01
7.476938366889953613e-01
5.709170699119567871e-01
3.961939811706542969e-01
7.056966423988342285e-01
4.786327481269836426e-01
6.421689987182617188e-01
5.508667230606079102e-01
