-2.152350991964340210e-01
-3.732252418994903564e-01
1.541812866926193237e-01
7.166936993598937988e-02
5.590449571609497070e-01
1.411246210336685181e-01
2.643140256404876709e-01
1.035953834652900696e-01
2.665551602840423584e-01
3.762751817703247070e-01
2.585820257663726807e-01
-1.055694073438644409e-01
3.096213936805725098e-01
-5.398012697696685791e-02
4.608230292797088623e-01
-9.285227395594120026e-03
5.710988640785217285e-01
-3.198677897453308105e-01
4.433916136622428894e-02
2.790795266628265381e-01
7.464759051799774170e-02
-9.787073731422424316e-02
4.318967461585998535e-01
2.375388741493225098e-01
8.404321223497390747e-02
1.488516628742218018e-01
2.039919495582580566e-01
1.632274538278579712e-01
-1.524762511253356934e-01
4.273915290832519531e-01
2.427095919847488403e-01
3.372702598571777344e-01
3.453159332275390625e-01
-8.873637020587921143e-02
9.675900638103485107e-02
5.590832233428955078e-02
-2.110290229320526123e-01
1.516695767641067505e-01
3.127875030040740967e-01
1.932297497987747192e-01
1.765458285808563232e-01
2.136127799749374390e-01
-6.570614129304885864e-02
4.621032476425170898e-01
3.222829699516296387e-01
-1.047210246324539185e-01
-3.805677592754364014e-01
3.881289660930633545e-01
2.106467448174953461e-02
1.721926629543304443e-01
9.673555195331573486e-02
2.614374160766601562e-01
-1.024057939648628235e-01
-1.903625279664993286e-01
2.146413028240203857e-01
1.017310544848442078e-01
4.275826215744018555e-01
5.894990563392639160e-01
1.919566839933395386e-01
-5.408823490142822266e-01
3.232212364673614502e-01
3.013744652271270752e-01
3.967681229114532471e-01
-2.735794335603713989e-02
3.030153810977935791e-01
4.025284349918365479e-01
-5.205402895808219910e-02
4.838935136795043945e-01
3.668836653232574463e-01
3.860275447368621826e-01
-3.341660797595977783e-01
6.983285397291183472e-02
2.130671739578247070e-01
-3.617262095212936401e-02
2.803762257099151611e-01
1.518637090921401978e-01
2.697897255420684814e-01
3.319853842258453369e-01
1.875230520963668823e-01
2.751371860504150391e-01
5.300036668777465820e-01
3.208115398883819580e-01
4.186064302921295166e-01
3.940237686038017273e-02
4.729735255241394043e-01
8.458483219146728516e-02
1.365976482629776001e-01
-1.508631557226181030e-01
2.312736064195632935e-01
2.069487795233726501e-02
3.970645964145660400e-01
2.018724083900451660e-01
5.066089034080505371e-01
1.085569933056831360e-01
-2.971022427082061768e-01
2.147490680217742920e-01
2.349534928798675537e-01
-1.096284314990043640e-01
3.886752724647521973e-01
-1.036965772509574890e-01
2.138794511556625366e-01
3.661924004554748535e-01
4.560892283916473389e-01
2.219860069453716278e-02
-1.713515818119049072e-01
-3.512259721755981445e-01
-4.290619120001792908e-02
2.783185243606567383e-01
3.922198116779327393e-01
2.753584086894989014e-01
3.210721313953399658e-01
-1.449272185564041138e-01
1.273869425058364868e-01
1.943518072366714478e-01
5.080585554242134094e-02
6.725769639015197754e-01
3.114796280860900879e-01
4.497299790382385254e-01
3.675121963024139404e-01
3.320466279983520508e-01
-4.858014285564422607e-01
1.918001323938369751e-01
-2.524127364158630371e-01
9.767121076583862305e-02
2.016285955905914307e-01
2.378403842449188232e-01
3.861851394176483154e-01
3.417919278144836426e-01
5.796083211898803711e-01
4.130381643772125244e-01
1.034961566329002380e-01
1.406905204057693481e-01
2.068322151899337769e-01
3.332017660140991211e-01
3.880624175071716309e-01
3.695118725299835205e-01
2.490920722484588623e-01
5.605845898389816284e-02
2.827155292034149170e-01
4.779036939144134521e-01
2.027997970581054688e-01
-5.111572146415710449e-02
3.475264906883239746e-01
-4.428051114082336426e-01
-2.351821959018707275e-01
-2.998783625662326813e-02
1.527763009071350098e-01
1.845975965261459351e-01
3.722635805606842041e-01
2.202152758836746216e-01
4.138027131557464600e-01
1.670043021440505981e-01
4.078661799430847168e-01
2.895560301840305328e-02
-1.374365240335464478e-01
-4.601455479860305786e-02
3.118829727172851562e-01
1.113762333989143372e-01
3.316986607387661934e-03
1.504285782575607300e-01
1.036827266216278076e-01
-8.982688188552856445e-02
2.183642983436584473e-01
4.511540234088897705e-01
4.041446745395660400e-02
2.528785765171051025e-01
-3.651883602142333984e-01
1.452901214361190796e-01
3.681991994380950928e-01
1.713625490665435791e-01
-4.363422393798828125e-01
3.415907919406890869e-01
-2.268256247043609619e-01
3.174231052398681641e-01
6.592702865600585938e-02
-3.841693699359893799e-01
2.577486336231231689e-01
2.346540689468383789e-01
-1.373657304793596268e-02
4.800436794757843018e-01
1.887779831886291504e-01
-4.062674567103385925e-02
-7.955320924520492554e-02
-1.452443301677703857e-01
-1.705956757068634033e-01
1.255666166543960571e-01
-3.059235513210296631e-01
1.949415802955627441e-01
5.265321731567382812e-01
-4.928619861602783203e-01
3.580056130886077881e-01
1.825467199087142944e-01
-2.911491990089416504e-01
3.407108485698699951e-01
2.896724939346313477e-01
-3.487978279590606689e-01
1.092864423990249634e-01
4.537440836429595947e-01
8.806030452251434326e-02
-7.537539303302764893e-02
1.510194689035415649e-01
-2.050677686929702759e-01
3.683653473854064941e-01
4.536702036857604980e-01
1.305319815874099731e-01
4.568474739789962769e-02
1.817359030246734619e-01
4.050590991973876953e-01
5.374026894569396973e-01
-1.384118795394897461e-01
-6.354713439941406250e-02
1.249286904931068420e-02
4.590920209884643555e-01
3.454371392726898193e-01
-3.248163759708404541e-01
2.100386470556259155e-01
2.852234244346618652e-01
-9.767361916601657867e-03
3.820642232894897461e-01
4.062122702598571777e-01
1.403930336236953735e-01
4.314037561416625977e-01
2.461651414632797241e-01
2.964682579040527344e-01
2.629538476467132568e-01
3.400041460990905762e-01
-3.659421503543853760e-01
2.601847946643829346e-01
3.398417830467224121e-01
-2.155386507511138916e-01
4.692772030830383301e-01
9.096848964691162109e-02
-2.387798279523849487e-01
4.327105358242988586e-02
1.234094202518463135e-01
3.225162327289581299e-01
2.774307131767272949e-02
2.752735316753387451e-01
-1.255368590354919434e-01
2.506211102008819580e-01
2.619933784008026123e-01
3.926417231559753418e-01
3.319575190544128418e-01
-2.703573107719421387e-01
1.346257030963897705e-01
-3.768552467226982117e-02
1.688585728406906128e-01
-2.034435570240020752e-01
9.337622672319412231e-02
2.252384722232818604e-01
4.407078921794891357e-01
2.195345610380172729e-01
3.231209814548492432e-01
1.972402334213256836e-01
1.787203401327133179e-01
2.149185240268707275e-01
