2.243499457836151123e-02
1.262555178254842758e-02
1.660498976707458496e-02
1.520828995853662491e-02
1.172509323805570602e-02
1.982203125953674316e-02
6.985907442867755890e-03
1.063839346170425415e-02
1.527483668178319931e-02
1.054668053984642029e-02
1.104759890586137772e-02
2.415278926491737366e-02
1.731262728571891785e-02
2.655468648299574852e-03
2.444345876574516296e-02
1.204559486359357834e-02
1.139758247882127762e-02
1.667342893779277802e-02
5.575118120759725571e-03
1.387061830610036850e-02
7.591123692691326141e-03
1.264005247503519058e-02
1.251142192631959915e-02
8.022966794669628143e-03
5.639216396957635880e-03
6.670440547168254852e-03
1.314459368586540222e-02
1.005223579704761505e-02
1.171253994107246399e-02
6.545732263475656509e-03
9.164563380181789398e-03
4.417497664690017700e-03
6.599661894142627716e-03
8.105649612843990326e-03
8.925438858568668365e-03
1.504269614815711975e-02
1.755313016474246979e-02
1.344959717243909836e-02
1.729309000074863434e-02
5.508604459464550018e-03
1.384729240089654922e-02
1.569565385580062866e-02
1.245962735265493393e-02
1.081354916095733643e-02
1.732367090880870819e-02
2.291392348706722260e-02
2.278754673898220062e-02
9.599806740880012512e-03
1.666980609297752380e-02
1.763469167053699493e-02
7.509831339120864868e-03
8.329250849783420563e-03
2.260204777121543884e-02
4.429125692695379257e-03
7.112454157322645187e-03
1.141114253550767899e-02
1.890851370990276337e-02
5.234944634139537811e-03
8.339253254234790802e-03
1.127913594245910645e-02
8.040841668844223022e-03
8.191939443349838257e-03
1.223287917673587799e-02
5.453320220112800598e-03
1.217386405915021896e-02
6.447468884289264679e-03
3.906735405325889587e-02
8.479123935103416443e-03
2.834218787029385567e-03
1.729902625083923340e-02
1.602160185575485229e-02
8.303705602884292603e-03
1.246809680014848709e-02
1.215155702084302902e-02
1.578398421406745911e-02
9.845943190157413483e-03
1.048489846289157867e-02
4.560123663395643234e-03
1.471236906945705414e-02
1.281928177922964096e-02
1.638368703424930573e-02
1.043942756950855255e-02
4.076495766639709473e-03
1.312930136919021606e-02
2.060678042471408844e-02
5.238701123744249344e-04
6.551770027726888657e-03
1.839701458811759949e-02
1.593665964901447296e-02
8.052228018641471863e-03
6.833321414887905121e-03
3.292933572083711624e-03
8.128612302243709564e-03
9.654951281845569611e-03
1.490273419767618179e-02
1.315990090370178223e-02
1.171351969242095947e-02
5.488669965416193008e-03
1.398714259266853333e-02
4.015367012470960617e-03
1.526650600135326385e-02
1.023195125162601471e-02
5.951468832790851593e-03
1.298617757856845856e-02
2.404038049280643463e-02
1.567742787301540375e-02
1.748572848737239838e-02
1.124836970120668411e-02
4.830515477806329727e-03
1.252949982881546021e-02
4.230485297739505768e-03
1.442612614482641220e-02
8.739738725125789642e-03
3.170793410390615463e-03
1.743780821561813354e-02
3.179203253239393234e-03
1.735559105873107910e-02
1.748936437070369720e-02
1.275145355612039566e-02
1.383345853537321091e-02
2.116621658205986023e-02
4.502939525991678238e-03
1.310508605092763901e-02
2.780120447278022766e-02
4.835325293242931366e-03
9.291660040616989136e-03
1.101474091410636902e-02
1.226787455379962921e-03
3.417998552322387695e-03
9.674658998847007751e-03
9.178560227155685425e-03
7.137353066354990005e-03
1.236821804195642471e-02
7.476069964468479156e-03
8.421762846410274506e-03
2.346985414624214172e-02
6.221435032784938812e-03
1.560207270085811615e-02
1.533432770520448685e-02
1.753650233149528503e-02
2.251491695642471313e-02
1.082992460578680038e-02
1.135017257183790207e-02
2.689081942662596703e-03
2.582612074911594391e-02
1.250396762043237686e-02
6.504519842565059662e-03
6.511568091809749603e-03
3.087754128500819206e-03
6.697813980281352997e-03
1.473809126764535904e-02
9.153778664767742157e-03
2.019436471164226532e-02
9.026868268847465515e-03
1.275221165269613266e-02
1.378500368446111679e-02
1.648168265819549561e-02
1.767973229289054871e-02
2.794944122433662415e-02
1.773769594728946686e-02
1.343094836920499802e-02
1.904844865202903748e-02
1.201986335217952728e-02
1.310634519904851913e-02
1.205867715179920197e-02
8.507852442562580109e-03
8.281864225864410400e-03
-6.004440132528543472e-03
9.183939546346664429e-03
4.491100553423166275e-03
3.062713425606489182e-03
1.226272061467170715e-02
1.955044828355312347e-02
2.598451217636466026e-03
1.189021673053503036e-02
1.294103916734457016e-02
6.251159589737653732e-03
1.953414641320705414e-02
8.037986233830451965e-03
1.837734878063201904e-02
8.098609745502471924e-03
7.886886596679687500e-03
1.346185803413391113e-02
1.382950413972139359e-02
2.284076251089572906e-02
1.203776802867650986e-02
1.373165007680654526e-02
1.157350372523069382e-02
1.055453810840845108e-02
2.118899486958980560e-02
5.140705965459346771e-03
1.473554223775863647e-02
2.087372541427612305e-02
8.492984808981418610e-03
5.716744344681501389e-03
3.288796171545982361e-03
1.014789566397666931e-03
7.959936745464801788e-03
2.216678857803344727e-02
7.416764274239540100e-03
1.964113488793373108e-02
1.746971532702445984e-02
-8.986901957541704178e-04
1.048962213099002838e-02
1.058680377900600433e-02
8.111636154353618622e-03
7.132455240935087204e-03
4.160157404839992523e-03
1.963689364492893219e-02
8.228436112403869629e-03
5.467758513987064362e-03
1.615139655768871307e-02
1.877703471109271049e-03
1.469610538333654404e-02
2.654224401339888573e-03
1.519528869539499283e-02
1.035024598240852356e-02
2.831683261319994926e-03
6.558418739587068558e-03
9.571667760610580444e-03
7.421337999403476715e-03
9.456246159970760345e-03
8.325159549713134766e-03
7.602525874972343445e-03
1.208858750760555267e-02
1.127503998577594757e-02
1.512830983847379684e-02
1.229444053024053574e-02
3.697590902447700500e-03
2.100200019776821136e-02
1.157520152628421783e-02
1.527743693441152573e-02
1.780431158840656281e-02
1.467498205602169037e-02
1.351146120578050613e-02
1.405159570276737213e-02
1.549395173788070679e-02
1.262311358004808426e-02
1.620144769549369812e-02
1.383953262120485306e-02
1.222529355436563492e-02
1.616156473755836487e-02
1.487971562892198563e-02
-3.764432622119784355e-03
1.447314862161874771e-02
9.092902764678001404e-03
1.439705677330493927e-02
2.086207643151283264e-02
7.247163914144039154e-03
9.648771956562995911e-03
1.488872058689594269e-02
1.894316449761390686e-02
1.261442061513662338e-02
7.018693722784519196e-03
1.121536549180746078e-02
1.401864178478717804e-02
