1.012781023979187012e+00
1.006867051124572754e+00
1.017886638641357422e+00
1.011945724487304688e+00
1.018599152565002441e+00
1.023595452308654785e+00
1.011343002319335938e+00
1.015819191932678223e+00
1.026996016502380371e+00
1.013368248939514160e+00
1.018407106399536133e+00
1.020274043083190918e+00
1.020516514778137207e+00
1.000373005867004395e+00
1.034019589424133301e+00
1.011489987373352051e+00
1.009716987609863281e+00
1.005561590194702148e+00
1.001159548759460449e+00
1.018190860748291016e+00
1.007733941078186035e+00
1.010939121246337891e+00
1.026063680648803711e+00
9.981434345245361328e-01
1.012206673622131348e+00
1.002522706985473633e+00
1.014135003089904785e+00
1.013509988784790039e+00
1.007127523422241211e+00
1.002140283584594727e+00
1.009535789489746094e+00
1.006873607635498047e+00
1.009542584419250488e+00
1.005933403968811035e+00
1.018393516540527344e+00
1.017700314521789551e+00
1.016599178314208984e+00
1.011990904808044434e+00
1.022419571876525879e+00
1.011243104934692383e+00
1.011658430099487305e+00
1.021929979324340820e+00
1.020128130912780762e+00
1.015560746192932129e+00
1.012926459312438965e+00
1.019824981689453125e+00
1.007614254951477051e+00
1.009200215339660645e+00
1.019479751586914062e+00
1.026172399520874023e+00
1.001510620117187500e+00
1.012020945549011230e+00
1.019923210144042969e+00
1.001675009727478027e+00
1.008427023887634277e+00
1.007829785346984863e+00
1.021417737007141113e+00
1.010288715362548828e+00
1.012603402137756348e+00
1.004869461059570312e+00
1.013492107391357422e+00
1.007533788681030273e+00
1.018595099449157715e+00
1.004342555999755859e+00
1.011766910552978516e+00
1.007979512214660645e+00
1.032830834388732910e+00
1.006873488426208496e+00
9.988837838172912598e-01
1.028663516044616699e+00
1.006693840026855469e+00
1.004035115242004395e+00
1.011179804801940918e+00
1.007624864578247070e+00
1.017233848571777344e+00
1.009309768676757812e+00
1.009618401527404785e+00
1.010918736457824707e+00
1.008424520492553711e+00
1.018351078033447266e+00
1.019454598426818848e+00
1.010167002677917480e+00
1.016401886940002441e+00
1.008511781692504883e+00
1.026000976562500000e+00
1.012292027473449707e+00
1.003014683723449707e+00
1.010715126991271973e+00
1.013062357902526855e+00
1.006549239158630371e+00
1.009127855300903320e+00
9.997372031211853027e-01
1.015873908996582031e+00
1.007516980171203613e+00
1.011902332305908203e+00
1.013730525970458984e+00
1.013470411300659180e+00
1.006647109985351562e+00
1.018283843994140625e+00
1.004629254341125488e+00
1.015310645103454590e+00
1.008154511451721191e+00
1.006377339363098145e+00
1.012475371360778809e+00
1.017897009849548340e+00
1.016176462173461914e+00
1.015983819961547852e+00
1.023175001144409180e+00
1.009656786918640137e+00
1.020154833793640137e+00
1.009737849235534668e+00
1.009316444396972656e+00
1.009119272232055664e+00
1.008091807365417480e+00
1.016360521316528320e+00
1.004070281982421875e+00
1.021992921829223633e+00
1.024099349975585938e+00
1.010159730911254883e+00
1.018213152885437012e+00
1.011290073394775391e+00
1.005033016204833984e+00
1.010778903961181641e+00
1.018497586250305176e+00
1.014338612556457520e+00
1.013710379600524902e+00
1.008055090904235840e+00
1.010624766349792480e+00
1.014420032501220703e+00
1.013977646827697754e+00
1.011981725692749023e+00
9.992911815643310547e-01
1.017196416854858398e+00
1.011757254600524902e+00
1.002897024154663086e+00
1.028619885444641113e+00
1.004694104194641113e+00
1.012494802474975586e+00
1.013652920722961426e+00
1.015744686126708984e+00
1.016218781471252441e+00
1.013485908508300781e+00
1.012710809707641602e+00
1.002113461494445801e+00
1.015634655952453613e+00
1.008368611335754395e+00
1.012246489524841309e+00
1.004520773887634277e+00
1.009578704833984375e+00
1.004020810127258301e+00
1.017745614051818848e+00
1.012456297874450684e+00
1.016720056533813477e+00
1.013712286949157715e+00
1.012225985527038574e+00
1.007693767547607422e+00
1.018754363059997559e+00
1.015564799308776855e+00
1.017236113548278809e+00
1.015640139579772949e+00
1.012737870216369629e+00
1.012963771820068359e+00
1.023631215095520020e+00
1.018740057945251465e+00
1.010313272476196289e+00
1.015330672264099121e+00
1.004101276397705078e+00
1.005103230476379395e+00
1.016273379325866699e+00
1.005573749542236328e+00
9.993959665298461914e-01
1.017340898513793945e+00
1.014485359191894531e+00
1.006624221801757812e+00
1.013735890388488770e+00
1.014162778854370117e+00
1.002690792083740234e+00
1.018883228302001953e+00
1.013262152671813965e+00
1.025935173034667969e+00
1.008760809898376465e+00
1.007392168045043945e+00
1.008096337318420410e+00
1.008783936500549316e+00
1.013474464416503906e+00
1.011932492256164551e+00
1.006633520126342773e+00
1.018404722213745117e+00
1.013392567634582520e+00
1.013402581214904785e+00
1.012688994407653809e+00
1.023620963096618652e+00
1.012520551681518555e+00
1.018203735351562500e+00
1.015629053115844727e+00
1.001629233360290527e+00
1.002661228179931641e+00
1.022487878799438477e+00
1.017405986785888672e+00
1.004558682441711426e+00
1.012889862060546875e+00
1.007944226264953613e+00
1.009464144706726074e+00
1.015546917915344238e+00
1.014999985694885254e+00
1.006721973419189453e+00
1.009881019592285156e+00
1.008645296096801758e+00
1.023509860038757324e+00
1.007059574127197266e+00
1.005972027778625488e+00
1.011817693710327148e+00
1.011136054992675781e+00
1.020949363708496094e+00
1.004188060760498047e+00
1.007830023765563965e+00
1.010535001754760742e+00
1.009536981582641602e+00
1.014992594718933105e+00
1.017367124557495117e+00
1.008311271667480469e+00
1.016165614128112793e+00
1.023244738578796387e+00
1.012532234191894531e+00
1.013943195343017578e+00
1.018214464187622070e+00
1.015820026397705078e+00
1.011328935623168945e+00
1.012982606887817383e+00
1.011706471443176270e+00
1.009950757026672363e+00
1.009007453918457031e+00
1.013454794883728027e+00
1.019306659698486328e+00
1.010717868804931641e+00
1.017745971679687500e+00
1.006936788558959961e+00
1.018802165985107422e+00
1.009586334228515625e+00
1.019652247428894043e+00
1.016649127006530762e+00
1.020209908485412598e+00
1.014369487762451172e+00
9.986485838890075684e-01
1.010240077972412109e+00
1.006028532981872559e+00
1.012673258781433105e+00
1.016882896423339844e+00
1.008536219596862793e+00
1.009424090385437012e+00
1.017677068710327148e+00
1.014655590057373047e+00
1.016090631484985352e+00
1.008131027221679688e+00
1.015665173530578613e+00
1.012660861015319824e+00
