-1.987133728107437491e-04
-4.346669465303421021e-02
-8.731261827051639557e-03
-1.840604655444622040e-02
-1.243283506482839584e-02
1.785527914762496948e-02
2.908948063850402832e-02
5.013400316238403320e-02
-3.644320368766784668e-02
-1.780037581920623779e-02
3.939633816480636597e-02
3.808866813778877258e-02
-2.780588157474994659e-02
-1.271250750869512558e-02
-1.298147998750209808e-02
-2.698439732193946838e-02
4.031439498066902161e-02
2.365589328110218048e-02
2.577821351587772369e-02
3.678366914391517639e-02
1.987979188561439514e-02
2.765843458473682404e-02
1.694574207067489624e-02
-3.265966847538948059e-02
4.452435672283172607e-02
3.801986575126647949e-02
6.406025961041450500e-03
-9.990684688091278076e-03
-1.777811162173748016e-02
3.749348595738410950e-02
3.620892763137817383e-02
-3.839602321386337280e-02
4.388291016221046448e-02
-2.372155152261257172e-02
3.336646035313606262e-02
-4.107275605201721191e-02
-3.093867748975753784e-02
-2.533552795648574829e-02
1.666356809437274933e-02
3.010090067982673645e-02
-2.449836395680904388e-02
-1.276275049895048141e-02
1.922570355236530304e-02
2.333794720470905304e-02
-1.761759445071220398e-02
-2.462591417133808136e-02
-1.168966013938188553e-02
-8.604057133197784424e-03
2.492759190499782562e-02
-1.934342645108699799e-02
3.466053679585456848e-02
-3.589851316064596176e-03
1.531055942177772522e-02
-2.266247570514678955e-02
4.901590198278427124e-02
2.676427364349365234e-02
4.533012583851814270e-02
1.214287430047988892e-02
-2.863968722522258759e-02
1.362828421406447887e-03
-3.434325382113456726e-02
1.460185181349515915e-02
-2.165615558624267578e-02
-2.857350744307041168e-02
-2.955010533332824707e-02
4.234180599451065063e-02
-1.284284982830286026e-02
4.185274988412857056e-02
-2.450378984212875366e-02
4.406477883458137512e-02
-2.921589836478233337e-02
-2.397242188453674316e-02
-1.614936999976634979e-02
3.331324458122253418e-02
4.030515253543853760e-02
1.912336051464080811e-02
-3.246791288256645203e-02
-1.778878830373287201e-02
-1.761846069712191820e-04
2.416740916669368744e-02
3.008272126317024231e-02
-1.054072938859462738e-02
-7.928379811346530914e-03
-3.676702082157135010e-02
-2.161633409559726715e-02
-2.474368549883365631e-02
2.900605648756027222e-02
1.923533715307712555e-02
4.938020184636116028e-02
-3.567557781934738159e-02
2.994065731763839722e-02
-3.596625477075576782e-02
1.698260940611362457e-02
-2.311745844781398773e-02
-2.177478931844234467e-02
-1.293467171490192413e-02
-3.234991338104009628e-03
-3.701180219650268555e-02
-1.313421409577131271e-02
3.948530554771423340e-02
-1.975069753825664520e-03
-2.480635978281497955e-02
-3.501491993665695190e-02
9.568777866661548615e-03
-1.862575532868504524e-03
-1.142506022006273270e-02
3.208649531006813049e-02
2.258573891595005989e-03
3.686479851603507996e-02
1.237319409847259521e-02
2.106666006147861481e-02
-1.251630391925573349e-02
-1.944344118237495422e-02
-1.457546371966600418e-02
4.542168695479631424e-03
2.435230836272239685e-02
2.302087098360061646e-02
-6.115547381341457367e-03
4.414683952927589417e-02
-2.851558104157447815e-02
6.244851741939783096e-03
5.354464519768953323e-04
1.552045810967683792e-02
-9.857537224888801575e-03
2.728420309722423553e-02
1.099407207220792770e-03
-2.568671852350234985e-02
-1.781643182039260864e-02
2.672659605741500854e-02
2.531650662422180176e-02
-3.269249573349952698e-02
-3.390157595276832581e-02
-3.678289242088794708e-03
-2.263457141816616058e-02
4.160996153950691223e-02
-1.439754664897918701e-02
-3.951352555304765701e-03
2.898204699158668518e-02
1.682374626398086548e-02
3.850271552801132202e-02
-1.090099103748798370e-03
-3.049821127206087112e-03
-2.089668996632099152e-02
-1.313412003219127655e-02
4.301505163311958313e-02
-2.308144792914390564e-02
-3.076543333008885384e-03
6.448224652558565140e-03
7.567475549876689911e-03
3.952679689973592758e-03
-2.362472563982009888e-02
4.101870581507682800e-02
-2.803326211869716644e-02
-3.272248199209570885e-03
2.732279524207115173e-02
2.060438506305217743e-02
7.278434000909328461e-03
-1.848526112735271454e-02
2.944599092006683350e-02
-2.069916948676109314e-02
2.010716497898101807e-02
-4.257525503635406494e-02
-1.014418434351682663e-02
4.105840250849723816e-02
3.976861760020256042e-02
1.958100683987140656e-02
-3.536699712276458740e-02
-1.217466779053211212e-02
1.784107647836208344e-02
-3.554391488432884216e-02
1.432417426258325577e-03
-3.953017666935920715e-02
-4.065245389938354492e-02
1.775053143501281738e-02
3.602494671940803528e-02
-4.540352523326873779e-02
1.679512672126293182e-02
-1.248390413820743561e-02
-5.390749312937259674e-03
-2.935717813670635223e-02
4.330754652619361877e-02
-1.787783019244670868e-02
-1.426620408892631531e-02
1.650706632062792778e-03
-2.512875571846961975e-02
4.413385409861803055e-03
-2.575718052685260773e-02
-7.365033030509948730e-03
1.076564658433198929e-02
8.429807610809803009e-03
-2.239185571670532227e-02
2.486979030072689056e-02
4.191541112959384918e-03
-3.980024531483650208e-02
4.460181295871734619e-02
3.455942124128341675e-02
-3.226908296346664429e-02
3.753713518381118774e-02
-2.510731853544712067e-02
2.243239991366863251e-02
-1.787784509360790253e-02
3.806078806519508362e-02
3.765717893838882446e-02
2.046336978673934937e-02
2.802503854036331177e-02
-3.080204129219055176e-02
-3.475443273782730103e-02
3.622959181666374207e-02
-3.283588215708732605e-02
3.217069059610366821e-02
4.041825979948043823e-02
3.581170458346605301e-04
3.872080892324447632e-02
3.774518892168998718e-02
-3.080742061138153076e-02
-2.071047667413949966e-03
2.244317345321178436e-02
-2.032462134957313538e-02
-1.209602784365415573e-02
-1.905974559485912323e-02
2.197319082915782928e-02
1.776092872023582458e-02
2.530427277088165283e-02
1.671682484447956085e-02
-2.139655500650405884e-02
3.804139792919158936e-02
4.295747354626655579e-02
-1.719782873988151550e-02
6.054962286725640297e-04
-5.901643540710210800e-03
3.229184774681925774e-03
-6.899976171553134918e-03
-2.058676257729530334e-02
1.597479172050952911e-02
5.218478851020336151e-03
4.852445423603057861e-02
4.271793179214000702e-03
3.336580097675323486e-02
4.204646497964859009e-02
-4.063627496361732483e-02
-3.410150995478034019e-03
1.495774369686841965e-02
4.817536100745201111e-02
-4.073183611035346985e-02
1.284575182944536209e-02
1.511114835739135742e-02
-1.459401752799749374e-02
-4.506541416049003601e-02
2.892250381410121918e-02
2.611252851784229279e-02
-2.290345169603824615e-02
2.648573741316795349e-02
-9.306012652814388275e-03
2.980180084705352783e-02
2.338458597660064697e-02
-3.332543186843395233e-03
