-9.468913078308105469e-02
-2.736795507371425629e-02
-5.686273798346519470e-02
-3.606608137488365173e-02
-3.931562975049018860e-02
-8.085695654153823853e-02
1.281159073114395142e-01
1.208086758852005005e-01
-7.176290452480316162e-02
-8.842880278825759888e-02
9.892135113477706909e-02
1.706731319427490234e-02
1.178781092166900635e-01
7.768217474222183228e-02
-1.146039590239524841e-01
-6.938160955905914307e-02
-2.156382054090499878e-02
-6.351936608552932739e-02
-8.221481740474700928e-02
3.188501670956611633e-02
3.281446639448404312e-03
-5.420295149087905884e-02
-3.578113019466400146e-02
2.079711109399795532e-02
9.958144277334213257e-02
1.924351602792739868e-02
7.137896865606307983e-02
1.669005677103996277e-02
-4.312849044799804688e-02
-7.875833660364151001e-02
3.520391136407852173e-02
-7.688008248805999756e-02
1.121031716465950012e-01
8.908601105213165283e-02
-1.099523305892944336e-01
-1.018729135394096375e-01
-1.189216692000627518e-02
-9.550368785858154297e-02
-1.135482862591743469e-01
-2.976591465994715691e-03
-8.090026676654815674e-03
-8.109550178050994873e-02
-1.335790473967790604e-02
9.578026831150054932e-02
-4.587112367153167725e-02
-9.034911543130874634e-02
-4.892206937074661255e-02
-7.522408664226531982e-02
1.172992587089538574e-01
1.397082209587097168e-01
-1.055539399385452271e-01
-8.317200094461441040e-02
-1.818438619375228882e-02
-8.660487830638885498e-02
-2.247979678213596344e-02
2.521559223532676697e-02
-1.690783649682998657e-01
-2.286761626601219177e-02
4.709757491946220398e-02
1.076211184263229370e-01
1.017575860023498535e-01
7.127224653959274292e-02
1.159613579511642456e-01
-1.049453951418399811e-02
1.556809395551681519e-01
-5.278072878718376160e-02
8.429694920778274536e-02
7.543273270130157471e-02
-7.353745400905609131e-02
1.012744084000587463e-01
1.157775223255157471e-01
6.280084699392318726e-02
-7.842057384550571442e-03
-3.981585428118705750e-02
1.082947552204132080e-01
-1.453048270195722580e-02
-9.854720532894134521e-02
7.414225488901138306e-02
1.477024238556623459e-02
-9.508109092712402344e-02
-1.098930388689041138e-01
-1.301514506340026855e-01
6.104985624551773071e-02
6.190716475248336792e-02
-4.712334275245666504e-02
-7.710842043161392212e-02
-8.575131185352802277e-03
-3.801808226853609085e-03
7.606618851423263550e-02
-5.570148117840290070e-03
-1.024576425552368164e-01
-2.764763869345188141e-02
-8.406318724155426025e-02
8.953925222158432007e-02
5.389885604381561279e-02
-1.201878935098648071e-01
-6.418778747320175171e-02
1.127968505024909973e-01
-6.872659176588058472e-02
5.204937234520912170e-02
1.188653931021690369e-01
-1.122095361351966858e-01
-1.701792702078819275e-02
-4.342157766222953796e-02
-8.136653155088424683e-02
-7.280578464269638062e-02
-4.497459903359413147e-02
-1.592349410057067871e-01
-7.173925638198852539e-02
1.358430981636047363e-01
-8.575719594955444336e-02
-1.149230673909187317e-01
9.516658633947372437e-02
-3.311298042535781860e-02
8.207897096872329712e-02
-1.169682107865810394e-02
-9.695123881101608276e-02
1.525971889495849609e-01
-2.596780657768249512e-02
-6.855150312185287476e-02
-2.786475978791713715e-02
-8.119442500174045563e-03
-8.792056888341903687e-02
-5.088103562593460083e-02
1.569694876670837402e-01
-5.469270981848239899e-03
-6.936023384332656860e-02
-8.784590661525726318e-02
5.783727392554283142e-02
6.400213390588760376e-02
-5.793245509266853333e-02
2.330488897860050201e-02
-4.229041934013366699e-02
3.272423753514885902e-03
-1.034781038761138916e-01
-1.206357851624488831e-01
5.536984652280807495e-02
9.420275688171386719e-02
-9.369938075542449951e-02
-1.060211807489395142e-01
-1.263547241687774658e-01
-1.494554616510868073e-02
-8.411980420351028442e-02
-3.556966036558151245e-02
8.015763014554977417e-02
1.328281611204147339e-01
-6.853784620761871338e-02
-5.622709169983863831e-02
-7.784166187047958374e-02
4.757490009069442749e-02
1.308548599481582642e-01
8.677854388952255249e-02
-8.779551833868026733e-02
-4.081686213612556458e-02
5.274409800767898560e-02
1.726541295647621155e-02
6.434684246778488159e-02
7.671099901199340820e-02
6.329603493213653564e-02
1.362317204475402832e-01
1.631568968296051025e-01
3.767791762948036194e-02
-1.386187672615051270e-01
1.211396306753158569e-01
-5.156854912638664246e-02
1.096377968788146973e-01
4.014268517494201660e-03
-6.159602105617523193e-02
1.154752969741821289e-01
9.338685125112533569e-02
-5.530335940420627594e-03
-7.369565963745117188e-02
-9.655435383319854736e-02
1.200093775987625122e-01
1.003669947385787964e-01
1.328956568613648415e-03
-6.570921838283538818e-02
7.325451821088790894e-02
-9.577123820781707764e-02
-6.952214241027832031e-02
-1.110630333423614502e-01
1.023522540926933289e-01
2.195850014686584473e-03
1.117762103676795959e-01
-2.696508727967739105e-02
-2.025897055864334106e-02
7.564146071672439575e-02
-2.278214134275913239e-02
-1.267293691635131836e-01
1.959571056067943573e-02
4.696173593401908875e-02
-6.353839486837387085e-02
6.743652373552322388e-02
-1.248780786991119385e-01
-1.136242300271987915e-01
7.884650677442550659e-02
7.633199915289878845e-03
-9.511464834213256836e-02
-5.309386178851127625e-02
-2.389321802183985710e-03
-3.555824980139732361e-02
-6.188752502202987671e-02
-5.928326770663261414e-02
2.400469407439231873e-02
-1.283974349498748779e-01
1.918998174369335175e-02
1.921294257044792175e-02
-7.320460677146911621e-02
-1.323724538087844849e-01
5.350900068879127502e-02
-4.656781628727912903e-02
1.275302935391664505e-02
-7.055292278528213501e-02
-7.956589013338088989e-02
-4.157109558582305908e-02
4.377174749970436096e-02
-8.914732933044433594e-02
6.957230716943740845e-02
-4.236103594303131104e-02
2.350527048110961914e-02
-8.965396136045455933e-02
2.496269531548023224e-02
1.566132307052612305e-01
8.234955370426177979e-02
-5.394100211560726166e-03
-6.622032076120376587e-02
-1.085666939616203308e-01
-3.925502300262451172e-02
1.118038445711135864e-01
8.519701659679412842e-02
7.123352587223052979e-02
4.486532509326934814e-02
1.207595244050025940e-01
2.897374099120497704e-03
-6.312503665685653687e-02
-5.895924195647239685e-02
3.650712221860885620e-02
-1.057864055037498474e-01
-5.647072196006774902e-02
-8.809257298707962036e-02
-9.167584776878356934e-02
-9.687191992998123169e-02
-3.297159075736999512e-02
4.688757658004760742e-02
6.725340336561203003e-02
-9.501163661479949951e-02
-1.118868887424468994e-01
-2.181745693087577820e-02
-3.809810802340507507e-02
9.805215895175933838e-02
6.595630198717117310e-02
-1.030316203832626343e-01
-1.154941469430923462e-01
-9.439366310834884644e-02
3.936273604631423950e-02
-3.789724037051200867e-02
9.238897264003753662e-02
1.102654337882995605e-01
3.949340432882308960e-02
1.227339133620262146e-01
-4.347679391503334045e-02
9.654628485441207886e-02
-6.668894737958908081e-02
1.031792089343070984e-01
1.265239566564559937e-01
-8.254545927047729492e-02
-4.272080957889556885e-02
-7.913401722908020020e-02
-1.103344857692718506e-01
7.047216594219207764e-02
8.948657661676406860e-02
-6.560757756233215332e-02
-6.027930229902267456e-02
-2.163221500813961029e-02
1.937294192612171173e-02
-3.165738284587860107e-02
-3.192634880542755127e-02
-8.334600925445556641e-02
-1.077371612191200256e-01
-3.787541761994361877e-02
-3.040800802409648895e-02
-4.107306152582168579e-02
4.438674449920654297e-02
-1.084637641906738281e-01
9.898417443037033081e-02
1.038832813501358032e-01
-6.357727199792861938e-02
-3.191779926419258118e-02
-5.068179592490196228e-02
-6.319744139909744263e-02
2.550411038100719452e-02
7.900732755661010742e-02
-7.909709960222244263e-02
8.565068989992141724e-02
9.773316979408264160e-02
1.372921615839004517e-01
9.517479687929153442e-02
-7.004420459270477295e-02
1.121787726879119873e-01
-5.414183065295219421e-02
1.244278922677040100e-01
6.032209377735853195e-03
-4.316970705986022949e-02
8.858069032430648804e-02
-4.344258084893226624e-02
1.422060281038284302e-01
-1.360053103417158127e-02
8.133820258080959320e-03
1.361221075057983398e-01
-1.317867572652176023e-04
1.031062752008438110e-01
1.127194166183471680e-01
-2.096642926335334778e-02
-3.579125553369522095e-02
-8.023762702941894531e-02
4.948091879487037659e-02
2.733203954994678497e-02
-1.147839874029159546e-01
1.044085547327995300e-01
2.443877421319484711e-02
-6.221535429358482361e-02
2.709704451262950897e-02
-1.039598658680915833e-01
-5.798032134771347046e-02
3.765981271862983704e-02
-7.982863485813140869e-02
1.816629618406295776e-02
-6.214415654540061951e-03
-1.051551625132560730e-01
-4.101845435798168182e-03
-1.482042390853166580e-02
1.177078932523727417e-01
-9.837259352207183838e-02
-7.065641880035400391e-02
-3.195678442716598511e-02
1.246829032897949219e-01
2.135421708226203918e-02
5.599701404571533203e-02
-1.051743999123573303e-01
-1.060986891388893127e-01
1.230827197432518005e-01
7.657445222139358521e-02
-1.300150807946920395e-02
-5.721172317862510681e-02
-1.346861012279987335e-02
-4.795650765299797058e-02
1.065878346562385559e-01
-6.162810325622558594e-02
-1.247071251273155212e-01
-7.115218043327331543e-02
-9.937173128128051758e-02
2.733946777880191803e-02
-1.247788816690444946e-01
5.049166269600391388e-03
1.174553632736206055e-01
-6.831492483615875244e-02
1.132590398192405701e-01
-1.173530817031860352e-01
-6.431230157613754272e-02
1.185898408293724060e-01
1.215739771723747253e-01
1.302526891231536865e-01
-2.153206616640090942e-02
-5.691576749086380005e-02
-4.413155466318130493e-02
-1.193008348345756531e-01
1.078299805521965027e-01
7.363021373748779297e-02
5.742393061518669128e-02
-2.408245392143726349e-02
-1.087806001305580139e-01
1.128450185060501099e-01
5.968708172440528870e-02
-8.225899189710617065e-02
-3.526311367750167847e-02
5.610958486795425415e-02
-1.423589419573545456e-02
1.263572424650192261e-01
3.298084810376167297e-02
-1.062989905476570129e-01
1.519420742988586426e-02
1.064318865537643433e-01
1.134690120816230774e-01
-9.363231807947158813e-02
-6.624669581651687622e-02
-1.149594318121671677e-02
5.911355093121528625e-02
2.509460411965847015e-02
5.686733871698379517e-02
-7.815187424421310425e-02
-7.461567968130111694e-02
7.706658542156219482e-02
-5.520218610763549805e-02
-8.848340809345245361e-02
-6.469023227691650391e-02
9.448533505201339722e-02
3.725055605173110962e-02
9.689260274171829224e-02
-7.319910824298858643e-02
1.265113949775695801e-01
-5.161818116903305054e-02
-1.458830479532480240e-02
-5.646141245961189270e-02
8.517883718013763428e-02
-3.305613249540328979e-02
-3.619734197854995728e-02
-9.450578689575195312e-02
4.493650421500205994e-02
-8.181022852659225464e-02
8.769607543945312500e-02
5.744605138897895813e-02
9.806519001722335815e-02
4.613311029970645905e-04
1.382662057876586914e-01
6.660071760416030884e-02
-5.191183835268020630e-02
-2.907644212245941162e-02
9.658426791429519653e-02
2.604826353490352631e-02
-1.368859708309173584e-01
-3.609444946050643921e-02
-9.766349941492080688e-02
5.771496146917343140e-02
-1.774935983121395111e-02
-9.351939707994461060e-02
-3.025240451097488403e-02
-3.130189329385757446e-02
1.332577764987945557e-01
3.106502257287502289e-02
-8.095043897628784180e-02
-2.101695537567138672e-02
-6.437752395868301392e-03
7.573806215077638626e-03
7.608778774738311768e-02
1.843120157718658447e-02
1.499763578176498413e-01
-8.005020022392272949e-02
5.057676136493682861e-02
-3.636950254440307617e-02
-6.106860935688018799e-02
-9.348960965871810913e-02
1.044469773769378662e-01
7.876026630401611328e-02
5.888911336660385132e-02
2.668381668627262115e-02
5.933209136128425598e-02
-1.346590556204319000e-02
1.391015350818634033e-01
-6.886333227157592773e-02
-9.495668858289718628e-02
5.770915001630783081e-02
-5.186441354453563690e-03
5.473842844367027283e-03
9.975016862154006958e-02
-4.480256233364343643e-03
1.199216693639755249e-01
4.396308213472366333e-03
-7.483955472707748413e-02
-7.180963456630706787e-02
5.703207850456237793e-02
7.339918613433837891e-02
-5.309788882732391357e-02
-9.616085886955261230e-02
-1.563922502100467682e-02
3.081639297306537628e-02
6.087588891386985779e-02
2.209331095218658447e-02
7.156542688608169556e-02
-5.497970432043075562e-02
1.613073647022247314e-01
3.003898449242115021e-02
-9.599623829126358032e-02
-8.642412722110748291e-02
1.198882423341274261e-02
-8.109366148710250854e-02
1.066596992313861847e-02
-5.436367914080619812e-02
-6.766577064990997314e-02
-7.202926278114318848e-02
-1.332798004150390625e-01
-1.120795086026191711e-01
2.363256178796291351e-02
2.860238030552864075e-02
8.227567374706268311e-02
3.040267713367938995e-02
-5.360220372676849365e-02
-1.384880840778350830e-01
-2.307968400418758392e-02
-7.766020135022699833e-04
7.609827071428298950e-02
2.094039460644125938e-03
7.623980939388275146e-02
-9.195848554372787476e-02
4.972126334905624390e-02
-4.017626121640205383e-02
1.338573694229125977e-01
-4.777852911502122879e-03
9.839598834514617920e-02
9.088885784149169922e-02
-6.884203851222991943e-02
1.401640661060810089e-02
-5.936144664883613586e-02
-1.757991686463356018e-02
1.437465548515319824e-01
1.379695683717727661e-01
-5.512748658657073975e-02
9.883750230073928833e-02
1.127948015928268433e-01
9.773527830839157104e-02
-6.994550675153732300e-02
-5.044234171509742737e-02
-3.362183272838592529e-02
3.452888503670692444e-02
-2.975309733301401138e-03
1.329460442066192627e-01
-1.860397495329380035e-02
3.619893267750740051e-02
-2.330376207828521729e-02
-1.431384007446467876e-03
-1.952876336872577667e-02
-9.989637136459350586e-02
5.704164505004882812e-02
-1.082028597593307495e-01
1.453961730003356934e-01
7.904464751482009888e-02
9.942592121660709381e-03
-1.014551073312759399e-01
6.921552587300539017e-03
1.136277541518211365e-01
1.307992339134216309e-01
2.071009483188390732e-03
-7.962283492088317871e-02
4.549288004636764526e-02
-8.893145248293876648e-03
-2.083087339997291565e-02
3.321496024727821350e-02
-5.104631185531616211e-02
5.355474725365638733e-02
-9.072075784206390381e-02
-9.051502496004104614e-02
-1.215047761797904968e-02
-1.335554383695125580e-02
-7.765782624483108521e-02
6.149829924106597900e-02
1.280641257762908936e-01
-3.853162750601768494e-02
3.271966055035591125e-02
-9.113120287656784058e-02
-9.230782091617584229e-02
1.888743601739406586e-02
3.503679856657981873e-02
-1.018876880407333374e-01
1.033733859658241272e-01
-6.575037539005279541e-02
-1.127228662371635437e-01
7.310802489519119263e-02
-6.600562483072280884e-03
1.067412048578262329e-01
1.218784898519515991e-01
1.203896105289459229e-02
-6.610595434904098511e-02
-1.342613846063613892e-01
5.578011274337768555e-02
-2.844707854092121124e-02
-4.122797027230262756e-02
1.391456127166748047e-01
-5.946695432066917419e-02
6.180369853973388672e-02
2.118041925132274628e-02
-5.245644226670265198e-02
-8.370330929756164551e-02
9.021158330142498016e-03
-4.249617084860801697e-02
-9.977949410676956177e-02
-3.424867242574691772e-02
-6.670802086591720581e-02
-5.609813332557678223e-02
-6.330353021621704102e-02
-3.932080417871475220e-02
7.544506341218948364e-02
4.560439661145210266e-02
-3.917181119322776794e-02
-3.172130137681961060e-02
8.929177373647689819e-02
-4.570811986923217773e-02
6.723386794328689575e-02
-7.283704727888107300e-02
-5.718148872256278992e-02
1.143213734030723572e-02
-6.449582427740097046e-02
1.200350001454353333e-01
5.406858026981353760e-02
7.125379890203475952e-02
2.285763435065746307e-02
8.456874638795852661e-03
-9.970253705978393555e-02
-1.060189232230186462e-01
1.090632230043411255e-01
5.587856471538543701e-02
1.062113791704177856e-01
1.044519916176795959e-01
4.424392804503440857e-02
-4.821721091866493225e-02
1.182565614581108093e-01
-1.056732535362243652e-01
4.167279601097106934e-02
1.830141432583332062e-02
-5.854144692420959473e-02
-8.318619430065155029e-02
-6.673230230808258057e-02
-9.999192506074905396e-02
-4.631472006440162659e-02
-3.460707888007164001e-02
-9.145775437355041504e-02
-4.191529378294944763e-02
-5.452650040388107300e-02
1.017860844731330872e-01
-4.375746101140975952e-02
9.587303549051284790e-02
-4.189553856849670410e-02
-7.159128040075302124e-02
4.838356282562017441e-03
-3.170259669423103333e-02
-2.698457986116409302e-02
1.394671499729156494e-01
2.515400946140289307e-02
-1.016457676887512207e-01
9.784738719463348389e-02
-1.077158302068710327e-01
-6.995661649852991104e-03
-4.186015203595161438e-02
-5.548638850450515747e-02
1.036702096462249756e-01
6.873515993356704712e-02
1.517804712057113647e-01
-3.516430407762527466e-02
-6.437742710113525391e-02
1.612159796059131622e-02
3.756988048553466797e-02
2.509425394237041473e-02
-2.951563335955142975e-02
-9.946775436401367188e-02
-1.995151676237583160e-02
9.845826774835586548e-03
-4.705450683832168579e-02
9.821996092796325684e-02
7.051917165517807007e-02
8.170986175537109375e-02
-2.826982736587524414e-02
8.381418883800506592e-02
-1.127820927649736404e-02
-2.326133660972118378e-03
-1.292561553418636322e-02
-1.951977424323558807e-02
-3.483919659629464149e-03
-1.381914131343364716e-02
1.024149432778358459e-01
-7.925930619239807129e-02
-6.227311491966247559e-02
5.571871250867843628e-02
5.485090240836143494e-02
3.057405352592468262e-02
-7.495254278182983398e-02
9.690578095614910126e-03
6.784514337778091431e-02
-1.168922241777181625e-02
-7.975041866302490234e-02
-6.037432327866554260e-02
1.029233410954475403e-01
4.864489194005727768e-03
1.018755584955215454e-01
9.587493538856506348e-02
3.540934249758720398e-02
-6.638719886541366577e-02
-6.681530177593231201e-02
-6.650886684656143188e-02
1.323336958885192871e-01
1.137764658778905869e-02
1.185146868228912354e-01
8.742939680814743042e-03
-3.432340547442436218e-02
-3.118845634162425995e-02
4.744030535221099854e-02
-1.246180012822151184e-01
1.073755472898483276e-01
4.997000843286514282e-02
-3.424073383212089539e-02
7.601444143801927567e-03
5.285842344164848328e-02
-2.929040603339672089e-02
1.631182134151458740e-01
7.337783277034759521e-02
1.131692454218864441e-01
-8.206153661012649536e-02
-5.562560632824897766e-02
6.977247446775436401e-02
-7.851868867874145508e-02
-2.160771749913692474e-02
1.410700827836990356e-01
5.078278854489326477e-02
2.509810030460357666e-02
1.204761862754821777e-01
-5.220783501863479614e-02
-4.523638635873794556e-02
-6.830769032239913940e-02
-4.689388722181320190e-02
-2.808252908289432526e-02
4.870728775858879089e-02
1.041937097907066345e-01
-3.672672808170318604e-02
-1.067859306931495667e-01
-1.780007220804691315e-02
1.162163242697715759e-01
-1.577924378216266632e-02
-9.321169555187225342e-02
-7.431820034980773926e-02
-1.660373876802623272e-03
1.221713516861200333e-02
7.124849408864974976e-02
8.249242603778839111e-02
-9.106172248721122742e-03
-1.545225363224744797e-02
-3.282882645726203918e-02
4.500050097703933716e-02
-1.182492077350616455e-01
-6.767547875642776489e-02
-2.465348504483699799e-02
4.339097812771797180e-02
2.731646224856376648e-02
7.038610428571701050e-02
-1.095746755599975586e-01
-1.140342429280281067e-01
-6.866604089736938477e-02
-6.599672883749008179e-02
-4.459787160158157349e-03
-5.642439797520637512e-02
-4.674574360251426697e-02
7.908968627452850342e-02
7.614723592996597290e-02
-2.393541671335697174e-02
-4.876282811164855957e-02
1.153187304735183716e-01
-7.389622926712036133e-02
1.602120348252356052e-03
9.205595403909683228e-02
-4.866870492696762085e-02
1.000457555055618286e-01
-1.005285140126943588e-02
-3.709272667765617371e-02
-1.169559657573699951e-01
-3.249625861644744873e-02
-2.919802814722061157e-02
-6.401394307613372803e-02
-1.112777460366487503e-02
2.421468682587146759e-02
3.744969889521598816e-02
1.259999573230743408e-01
-1.511357072740793228e-02
-4.283844679594039917e-02
8.530303090810775757e-02
-7.867069542407989502e-02
2.789716236293315887e-02
-1.035749074071645737e-02
6.439528614282608032e-02
-3.054707497358322144e-02
3.973983973264694214e-02
-5.719848442822694778e-03
1.731212623417377472e-02
1.348632574081420898e-01
-4.033141583204269409e-02
5.201026797294616699e-03
4.886846989393234253e-03
-6.892970204353332520e-02
-4.778719320893287659e-02
2.038329839706420898e-03
3.522101091220974922e-03
-1.155706960707902908e-02
8.805331587791442871e-02
-8.762459270656108856e-03
7.889551669359207153e-02
1.115218177437782288e-01
-5.163075774908065796e-02
-1.053936928510665894e-01
1.316418051719665527e-01
-8.919811248779296875e-02
7.561207562685012817e-02
5.705178529024124146e-02
1.480333786457777023e-02
-4.943823814392089844e-02
6.384511291980743408e-02
-2.826236002147197723e-02
7.517390698194503784e-02
-8.296618610620498657e-02
-7.546214386820793152e-03
5.235238373279571533e-02
-7.785234600305557251e-02
4.488722980022430420e-02
-2.685994654893875122e-02
9.548486024141311646e-02
-5.762037821114063263e-03
5.075388029217720032e-02
-4.643432796001434326e-03
-8.364653587341308594e-02
-1.058571413159370422e-01
8.054140955209732056e-02
7.434543967247009277e-02
4.174724593758583069e-02
1.119825616478919983e-02
6.619141786359250546e-04
-8.813514560461044312e-02
2.730932831764221191e-02
-2.149206213653087616e-02
-5.604386702179908752e-02
5.799555033445358276e-02
1.276493370532989502e-01
-8.189039677381515503e-02
-4.213564842939376831e-02
1.874518953263759613e-02
7.251836359500885010e-02
1.807659864425659180e-02
3.305352851748466492e-02
3.525317832827568054e-02
-5.294860899448394775e-02
3.681631386280059814e-02
7.308059930801391602e-02
-6.375213712453842163e-02
-1.776094548404216766e-02
-7.287710905075073242e-03
-8.277572691440582275e-02
8.385257422924041748e-02
9.026692807674407959e-02
-4.545198753476142883e-02
6.658069789409637451e-02
-6.017828360199928284e-02
1.016511172056198120e-01
2.183096483349800110e-02
-5.384664237499237061e-02
-1.698749489150941372e-03
6.636924296617507935e-02
-8.286153525114059448e-02
1.206598430871963501e-01
6.864631921052932739e-02
1.053058654069900513e-01
9.672293066978454590e-02
-1.562405284494161606e-02
-3.697053715586662292e-02
7.454212754964828491e-02
-3.597684949636459351e-02
-3.544836863875389099e-02
6.287527084350585938e-02
-7.256844639778137207e-02
7.849049568176269531e-02
-1.025171279907226562e-01
-4.235988110303878784e-02
4.661056026816368103e-02
9.348616003990173340e-02
9.895490109920501709e-02
8.809235692024230957e-02
-1.614044420421123505e-02
2.286865189671516418e-02
-7.692134380340576172e-02
-2.075704000890254974e-02
-1.868574321269989014e-02
4.195065051317214966e-02
-5.826713144779205322e-02
-6.478995084762573242e-02
-2.646741829812526703e-02
-1.766880601644515991e-02
1.516356412321329117e-02
-3.108369186520576477e-03
-2.771013602614402771e-02
-8.447464555501937866e-03
1.324555575847625732e-01
-5.345107987523078918e-02
-3.103155270218849182e-02
6.656292080879211426e-02
-6.566953659057617188e-02
-9.283445030450820923e-02
-6.885836832225322723e-03
1.049770135432481766e-02
-5.166288465261459351e-03
5.964603647589683533e-02
5.850788950920104980e-02
-4.223359003663063049e-02
1.796710677444934845e-02
-5.588490515947341919e-02
-3.990405052900314331e-02
1.956546306610107422e-02
1.490274965763092041e-01
-5.012520402669906616e-02
-2.422504499554634094e-02
3.977066278457641602e-02
-2.849599719047546387e-02
-7.040686160326004028e-02
-7.047426700592041016e-02
-5.144301429390907288e-02
-8.482493460178375244e-02
-8.355767279863357544e-02
5.317360162734985352e-02
5.052167922258377075e-02
7.505720108747482300e-02
1.904661580920219421e-02
3.410990163683891296e-02
-1.128591597080230713e-01
7.910208404064178467e-02
1.162309274077415466e-01
2.103412337601184845e-02
5.422526597976684570e-02
9.373714029788970947e-02
-4.229390621185302734e-02
-9.555613249540328979e-02
-1.536486390978097916e-02
1.044555902481079102e-01
7.610873132944107056e-02
-5.447724834084510803e-02
-1.855530403554439545e-02
1.139655616134405136e-02
3.346378356218338013e-02
-7.824180275201797485e-02
-7.091818749904632568e-02
6.109905615448951721e-02
-6.355672329664230347e-02
-2.202460356056690216e-02
7.362642139196395874e-02
-4.316233098506927490e-02
-3.304998576641082764e-02
-3.162991721183061600e-03
9.712076932191848755e-02
-5.045477673411369324e-02
-6.666941195726394653e-02
-1.047401651740074158e-01
-7.553346455097198486e-02
1.285279542207717896e-01
-4.441314563155174255e-02
-2.311668358743190765e-02
-7.909800112247467041e-02
-2.170150913298130035e-02
-7.550106942653656006e-02
-5.755837261676788330e-02
7.978147827088832855e-03
3.317040577530860901e-02
-9.613991715013980865e-03
7.368693500757217407e-02
-6.767617911100387573e-02
-2.388001233339309692e-02
1.190472096204757690e-01
-2.007354050874710083e-02
-7.112062722444534302e-02
4.185581207275390625e-02
-3.949135914444923401e-02
8.949750661849975586e-02
8.086200803518295288e-02
-5.637036636471748352e-02
-2.101319842040538788e-03
-6.730853579938411713e-03
-5.602810159325599670e-02
-1.172992140054702759e-01
1.763185486197471619e-02
-8.910939842462539673e-02
-7.980433106422424316e-02
8.343896269798278809e-02
-3.709896281361579895e-02
-1.069065332412719727e-01
-2.546837739646434784e-02
7.685080915689468384e-02
-5.862931534647941589e-02
1.640239916741847992e-02
3.576273471117019653e-02
1.085064336657524109e-01
1.134805679321289062e-01
-3.279242292046546936e-02
9.229376167058944702e-02
-1.121772155165672302e-01
-5.029406026005744934e-02
-3.788900375366210938e-02
-2.521837502717971802e-02
-5.919382348656654358e-02
-4.407482966780662537e-02
-4.119729995727539062e-02
4.932573810219764709e-02
-7.478575408458709717e-02
4.543426260352134705e-02
-7.599967718124389648e-02
1.287755072116851807e-01
7.723362743854522705e-02
-5.300184339284896851e-02
-1.245972588658332825e-01
-9.063880890607833862e-02
5.917011573910713196e-02
4.207232221961021423e-02
-1.994093321263790131e-02
-4.232214763760566711e-02
1.070398092269897461e-01
-5.022154375910758972e-02
5.099910870194435120e-02
4.286740720272064209e-02
-1.227741912007331848e-01
8.378604799509048462e-02
2.756804751697927713e-04
1.272432357072830200e-01
-7.042370736598968506e-02
-3.532506525516510010e-02
-5.673716962337493896e-02
-3.015409782528877258e-02
1.201173290610313416e-01
-1.588781736791133881e-02
7.600518316030502319e-02
-4.616202414035797119e-02
1.314267069101333618e-01
-4.032555967569351196e-02
7.291151583194732666e-02
-2.816654555499553680e-02
8.953157067298889160e-02
5.651473999023437500e-02
1.140775606036186218e-01
-8.387228101491928101e-02
-2.330406941473484039e-02
-5.129308556206524372e-05
-6.516084074974060059e-02
-4.396015033125877380e-02
-4.200818017125129700e-02
7.745346426963806152e-02
4.370783269405364990e-02
1.002376079559326172e-01
-7.654536515474319458e-02
-7.615064829587936401e-02
7.121718488633632660e-03
9.528081864118576050e-02
1.549521833658218384e-01
-6.803039461374282837e-02
3.930438309907913208e-02
-4.606027901172637939e-02
1.258049905300140381e-01
4.529917985200881958e-02
6.631850451231002808e-02
-1.120089441537857056e-01
-4.492663219571113586e-02
-6.132932752370834351e-02
1.522396355867385864e-01
-9.385913610458374023e-02
6.448982656002044678e-02
-6.590286642313003540e-02
-1.703368313610553741e-02
1.065763756632804871e-01
1.390219945460557938e-02
1.667474396526813507e-02
1.215322539210319519e-01
-6.886512786149978638e-02
-6.237003207206726074e-02
9.415533393621444702e-03
-1.456620246171951294e-01
1.768480241298675537e-02
-2.565416134893894196e-02
-9.780216030776500702e-03
-1.166449338197708130e-01
1.115807890892028809e-01
-8.711779117584228516e-02
-6.728351116180419922e-02
1.579120457172393799e-01
-3.208109736442565918e-02
8.094791322946548462e-02
-1.409322619438171387e-01
1.019729524850845337e-01
-3.323628008365631104e-02
-1.404743734747171402e-02
1.657305508852005005e-01
1.181050091981887817e-01
-4.984471574425697327e-02
-2.605284936726093292e-02
-5.559613555669784546e-02
-6.358470022678375244e-02
1.037923619151115417e-03
7.005555182695388794e-02
-6.567960977554321289e-02
-4.447241500020027161e-02
1.175006479024887085e-01
-7.359521090984344482e-02
2.245589345693588257e-02
2.736793644726276398e-02
2.862092480063438416e-02
-6.703996658325195312e-02
3.096576780080795288e-02
1.201239973306655884e-01
-6.697665154933929443e-02
1.406269073486328125e-01
-2.508334815502166748e-02
6.472557783126831055e-02
3.375408798456192017e-02
-6.524617969989776611e-02
-3.853326290845870972e-02
-1.332914233207702637e-01
3.528246656060218811e-02
-6.559094879776239395e-03
-1.110248789191246033e-01
-9.294407814741134644e-02
-5.644217133522033691e-02
-4.550676420331001282e-02
-1.326861381530761719e-01
9.162843227386474609e-02
-7.930312305688858032e-02
-3.376362472772598267e-02
-8.876454085111618042e-02
-1.222913488745689392e-01
1.209383904933929443e-01
7.914200425148010254e-02
-1.107065826654434204e-01
1.245241016149520874e-01
-5.365146324038505554e-02
1.194087341427803040e-01
1.453910171985626221e-01
-1.717223040759563446e-02
-8.901150524616241455e-02
-4.909054189920425415e-02
-2.845210954546928406e-02
4.265946149826049805e-02
-2.773728594183921814e-02
8.306498825550079346e-02
5.006341636180877686e-02
2.265350148081779480e-02
-5.301992967724800110e-02
1.067543923854827881e-01
7.479475438594818115e-02
1.352920830249786377e-01
-1.041895151138305664e-01
-6.576003879308700562e-02
3.408983815461397171e-03
1.082086041569709778e-01
1.038545835763216019e-02
-2.162335626780986786e-02
1.269070655107498169e-01
-3.392000123858451843e-02
-1.246836874634027481e-02
8.720607310533523560e-02
8.083211630582809448e-02
-1.185430679470300674e-02
-8.530750125646591187e-02
-8.433165960013866425e-03
-8.470474928617477417e-02
-1.294405609369277954e-01
6.572801619768142700e-02
-8.227231912314891815e-03
5.917901173233985901e-02
-6.509292870759963989e-02
-7.782965898513793945e-02
-9.292878210544586182e-03
5.644367635250091553e-02
-1.139353029429912567e-02
-1.043924391269683838e-01
-6.572280079126358032e-02
-1.370878051966428757e-02
-4.749242216348648071e-02
5.272523686289787292e-02
1.257009506225585938e-01
5.090277642011642456e-02
-4.196168854832649231e-02
-4.189166054129600525e-02
-5.537654086947441101e-02
1.097825169563293457e-01
3.809218527749180794e-03
1.514265984296798706e-01
3.138898313045501709e-02
-6.543370336294174194e-02
-6.597569584846496582e-02
-7.709476351737976074e-02
-1.824524439871311188e-02
6.026341766119003296e-02
1.104191020131111145e-01
-3.884601593017578125e-02
-1.675264723598957062e-02
-9.155648946762084961e-02
9.443076699972152710e-02
-1.053105015307664871e-02
5.764760449528694153e-02
-1.449414193630218506e-01
9.384392946958541870e-02
-7.671326398849487305e-02
-1.145044714212417603e-01
-5.779461562633514404e-02
-5.403801798820495605e-02
-1.159888207912445068e-01
1.098945289850234985e-01
2.129162661731243134e-02
-9.004195034503936768e-02
-1.133810803294181824e-01
7.304369658231735229e-02
-3.821653546765446663e-03
1.248320937156677246e-01
2.080032415688037872e-02
-1.733892597258090973e-02
1.129995957016944885e-01
3.942535072565078735e-02
1.214482262730598450e-01
1.116763725876808167e-01
3.429642692208290100e-02
1.089402474462985992e-03
5.812181904911994934e-02
1.041529001668095589e-03
-7.235178351402282715e-02
-1.142654344439506531e-01
6.666903942823410034e-02
-7.513513555750250816e-04
-1.373828649520874023e-01
-4.074783995747566223e-02
8.554618060588836670e-02
3.862603008747100830e-02
2.446868643164634705e-02
-7.314681261777877808e-02
-4.887364804744720459e-02
1.684695333242416382e-01
-1.947364956140518188e-02
-5.034508183598518372e-02
6.621173769235610962e-02
3.005211800336837769e-02
-4.795052111148834229e-02
-6.124095618724822998e-02
1.185528784990310669e-01
-9.172325581312179565e-02
1.140335425734519958e-01
-7.705131173133850098e-02
-5.672297626733779907e-02
1.949776709079742432e-02
1.183759346604347229e-01
-9.676393866539001465e-02
3.924829885363578796e-02
-6.439962238073348999e-02
-3.968331590294837952e-02
1.036832928657531738e-01
-9.962461888790130615e-02
6.275206804275512695e-02
1.301954090595245361e-01
9.314993023872375488e-02
-2.308338321745395660e-02
1.223558485507965088e-01
-5.394088849425315857e-02
8.339938521385192871e-02
-1.031944453716278076e-01
9.756060689687728882e-02
-4.523973446339368820e-03
1.101638972759246826e-01
-7.702291011810302734e-02
-1.067551746964454651e-01
6.395364552736282349e-02
6.193315982818603516e-02
1.002876907587051392e-01
-8.278851211071014404e-02
-7.890935987234115601e-03
-8.807352185249328613e-02
7.219102233648300171e-02
-2.363833412528038025e-02
1.344762742519378662e-01
-9.251276403665542603e-02
-6.063459813594818115e-02
4.725835099816322327e-02
-7.025529444217681885e-02
9.672667086124420166e-02
1.313730515539646149e-02
6.874110549688339233e-02
6.933660060167312622e-02
-4.428563639521598816e-02
-6.645894795656204224e-02
-9.389719367027282715e-02
-5.831824243068695068e-02
-8.266299217939376831e-02
9.580803662538528442e-02
2.131304936483502388e-03
-8.772545494139194489e-03
-6.651700474321842194e-03
1.831891387701034546e-02
-2.751087397336959839e-02
4.808191582560539246e-02
-3.136618062853813171e-02
-4.187916964292526245e-02
7.459113840013742447e-03
-8.551917225122451782e-02
-1.131307706236839294e-02
-3.811943903565406799e-02
5.379870161414146423e-02
8.095878362655639648e-02
7.496108114719390869e-02
-9.606146812438964844e-02
-4.956864565610885620e-02
3.805089741945266724e-02
9.181104600429534912e-02
7.990013062953948975e-02
-8.005569130182266235e-02
8.681382238864898682e-02
-5.231292173266410828e-02
-8.089034259319305420e-02
-6.041489541530609131e-02
3.471717983484268188e-02
1.146788448095321655e-01
-7.663616538047790527e-02
1.270559132099151611e-01
2.542426809668540955e-02
-7.004224695265293121e-03
9.288132935762405396e-02
-4.896410927176475525e-02
3.770543262362480164e-03
-2.646027319133281708e-02
7.818752527236938477e-02
-8.809901028871536255e-02
7.674685865640640259e-02
-4.723157733678817749e-02
-1.183923985809087753e-02
-9.920480102300643921e-02
6.964014470577239990e-02
-5.148263275623321533e-02
6.975456327199935913e-02
-6.576083600521087646e-02
1.279708091169595718e-02
8.828829228878021240e-02
-5.438315868377685547e-02
-5.968791246414184570e-02
-3.160270396620035172e-03
-7.034146785736083984e-02
8.765918761491775513e-02
8.968448638916015625e-02
-3.136426582932472229e-02
-1.085982248187065125e-01
-7.921257056295871735e-03
-7.978925108909606934e-02
-5.939457099884748459e-03
-8.329664170742034912e-02
4.374115541577339172e-02
-1.311444118618965149e-02
-5.144802853465080261e-02
-1.352901849895715714e-02
-4.567513614892959595e-02
-4.560555517673492432e-02
-1.158905960619449615e-02
-3.733049379661679268e-03
-3.477919474244117737e-02
-6.537745147943496704e-02
-4.848153516650199890e-02
-3.927003592252731323e-02
-9.227553755044937134e-02
6.609755754470825195e-02
5.503908172249794006e-02
5.299821123480796814e-02
-5.095906183123588562e-02
-7.450976967811584473e-02
8.715020120143890381e-02
-3.677216824144124985e-03
4.711877554655075073e-03
9.992802143096923828e-02
7.073859870433807373e-02
1.310693025588989258e-01
-8.534951508045196533e-02
-1.812150888144969940e-02
8.953846246004104614e-02
1.114243641495704651e-01
1.870254799723625183e-02
1.302663087844848633e-01
-2.474297955632209778e-02
5.920496210455894470e-02
1.420637127012014389e-02
8.095652610063552856e-02
6.384568661451339722e-02
3.775238618254661560e-02
-9.528706967830657959e-02
-6.762101501226425171e-02
4.448226094245910645e-02
-6.192694604396820068e-02
7.159218937158584595e-02
-8.895559236407279968e-03
-1.192173082381486893e-02
-4.254714399576187134e-02
1.638519205152988434e-02
7.960341870784759521e-02
1.201837211847305298e-01
7.426123134791851044e-03
7.135993987321853638e-02
-5.139521672390401363e-04
-4.365878924727439880e-02
-9.490209817886352539e-02
-3.940982744097709656e-02
6.988108903169631958e-02
-7.220534235239028931e-02
-5.256182327866554260e-02
6.671355664730072021e-02
-1.001417264342308044e-01
6.843702495098114014e-02
-5.450703576207160950e-02
-9.860696643590927124e-02
-4.047472774982452393e-02
-6.055101752281188965e-02
-8.828599750995635986e-02
-5.400167778134346008e-02
1.125362664461135864e-01
-7.420830428600311279e-02
-4.013825580477714539e-02
-9.419102221727371216e-03
-1.019501462578773499e-01
-7.732118666172027588e-02
9.082727879285812378e-02
2.639879100024700165e-02
-6.680724769830703735e-02
-4.204165190458297729e-02
6.287557631731033325e-02
-6.420622766017913818e-02
6.414199620485305786e-02
-4.228689149022102356e-02
-3.548071905970573425e-02
5.424056202173233032e-02
-7.789523154497146606e-02
8.436612039804458618e-02
5.622276291251182556e-02
5.229181051254272461e-02
-2.753238007426261902e-02
1.089265048503875732e-01
9.078353643417358398e-02
1.150354556739330292e-02
1.577993035316467285e-01
-8.789428323507308960e-02
5.873760581016540527e-02
-7.454137504100799561e-02
-3.133534640073776245e-02
-5.132779851555824280e-02
-1.033320873975753784e-01
9.174177050590515137e-02
1.509565766900777817e-02
-7.656030356884002686e-02
3.288942202925682068e-02
1.927376538515090942e-02
-4.281946271657943726e-02
4.349096119403839111e-02
1.243106499314308167e-01
7.282710820436477661e-02
-2.916606329381465912e-02
-4.876556049566715956e-04
-5.828259885311126709e-02
-2.892649499699473381e-03
7.107042521238327026e-02
-6.749294698238372803e-02
-6.527623534202575684e-02
-4.809460043907165527e-02
-8.895836770534515381e-02
5.695527419447898865e-02
-7.002729177474975586e-02
2.786583732813596725e-03
-1.636270061135292053e-02
1.558930613100528717e-03
1.126888915896415710e-01
8.712545037269592285e-02
-3.732274845242500305e-02
-7.951337099075317383e-02
-3.152513876557350159e-02
-1.139534823596477509e-02
-3.255202993750572205e-02
-7.657012343406677246e-02
6.066763028502464294e-02
-5.099608004093170166e-02
-7.591043412685394287e-02
-4.489731416106224060e-02
-8.106607943773269653e-02
9.368474036455154419e-02
8.498372882604598999e-02
6.378339231014251709e-02
-3.071368299424648285e-02
-1.009201183915138245e-01
-8.373483270406723022e-02
2.029751800000667572e-02
7.616041600704193115e-02
-3.393779695034027100e-02
5.139077454805374146e-02
9.471543133258819580e-02
-5.249912291765213013e-02
1.371829360723495483e-01
3.916704654693603516e-02
-8.657010644674301147e-02
-4.781755432486534119e-02
7.408834528177976608e-03
7.753467559814453125e-02
4.927081521600484848e-03
5.168348550796508789e-02
-5.906765908002853394e-02
1.071213409304618835e-01
-5.395910143852233887e-02
1.037109792232513428e-01
-5.534616857767105103e-02
-9.407713264226913452e-02
1.304219812154769897e-01
1.261481828987598419e-02
7.972010225057601929e-02
5.285865068435668945e-02
-7.726269960403442383e-02
-8.070718497037887573e-02
8.442932367324829102e-02
-2.229419536888599396e-02
-5.818397179245948792e-02
-7.024014741182327271e-02
-7.568402588367462158e-02
-6.308540701866149902e-02
-4.442271962761878967e-02
2.905897796154022217e-02
1.087069213390350342e-01
-9.834971278905868530e-02
-6.253001838922500610e-02
5.706482380628585815e-02
7.026775926351547241e-02
1.151506304740905762e-01
-1.041798442602157593e-01
-5.255563557147979736e-02
-8.308843523263931274e-02
6.283516436815261841e-02
-2.857251279056072235e-02
-7.653640955686569214e-02
5.837377533316612244e-02
-9.595294296741485596e-02
-3.779030591249465942e-02
6.378450244665145874e-02
1.128043308854103088e-01
-9.684231132268905640e-02
3.348152711987495422e-02
-1.001191958785057068e-01
2.536083757877349854e-02
5.040941014885902405e-02
1.096179485321044922e-01
1.311911493539810181e-01
-7.680787891149520874e-02
7.104608416557312012e-02
-1.016085967421531677e-01
1.104654595255851746e-01
5.053167417645454407e-02
-5.340458825230598450e-02
6.550176441669464111e-02
7.869075238704681396e-02
-7.275375723838806152e-02
-8.406796306371688843e-02
3.935409337282180786e-02
-8.735851943492889404e-02
-4.640408232808113098e-02
1.231228783726692200e-01
4.418242350220680237e-02
9.164945036172866821e-02
1.000683382153511047e-01
-4.621506854891777039e-02
7.904382050037384033e-02
1.067572608590126038e-01
-4.572533071041107178e-02
-9.297201037406921387e-02
1.247036829590797424e-01
7.858216762542724609e-02
4.866284504532814026e-02
-9.293518215417861938e-02
-7.451073825359344482e-02
9.463419765233993530e-02
-3.820050135254859924e-02
-6.585556268692016602e-02
-3.540999069809913635e-02
-8.004623651504516602e-02
6.746815890073776245e-02
1.015144810080528259e-01
4.140360280871391296e-02
-7.864481955766677856e-02
1.423956602811813354e-01
8.401595056056976318e-02
6.508186459541320801e-02
-1.004761010408401489e-01
-9.615857154130935669e-02
4.561381414532661438e-02
9.231898188591003418e-02
-4.767013341188430786e-02
2.761246077716350555e-02
1.717370562255382538e-02
6.460690498352050781e-02
3.504323214292526245e-02
-3.858815506100654602e-02
-4.353572800755500793e-02
-4.077835381031036377e-02
-8.515430241823196411e-02
4.366358742117881775e-02
-1.381394360214471817e-02
-5.672107264399528503e-02
-1.187144517898559570e-01
1.088908165693283081e-01
-2.687265351414680481e-02
-5.106738209724426270e-02
1.026334017515182495e-01
1.388347297906875610e-01
1.102469414472579956e-01
-1.643971353769302368e-01
-3.159644827246665955e-02
1.074040010571479797e-01
1.202474683523178101e-01
8.386693894863128662e-02
-4.351146053522825241e-03
-8.335986733436584473e-02
-7.326783984899520874e-02
1.967813260853290558e-02
9.361540526151657104e-02
-9.144169092178344727e-02
-7.950269430875778198e-02
9.293662011623382568e-02
8.467770367860794067e-02
-5.767150223255157471e-02
8.741818368434906006e-03
-4.244203120470046997e-02
-8.873245120048522949e-02
1.338014304637908936e-01
-4.447964951395988464e-02
1.104596331715583801e-01
-9.269998222589492798e-02
7.918637245893478394e-02
3.373467130586504936e-03
1.290926635265350342e-01
-5.567141622304916382e-02
7.493999600410461426e-02
-1.088277064263820648e-02
-6.626751273870468140e-02
-5.526946857571601868e-02
-5.004065111279487610e-02
-4.167118296027183533e-02
-1.311349719762802124e-01
-5.252004414796829224e-02
-7.479133456945419312e-02
-1.068475022912025452e-01
-4.919037967920303345e-02
-2.830970659852027893e-02
5.212307348847389221e-02
-1.080245003104209900e-01
-2.675412222743034363e-02
-1.063718646764755249e-01
3.133564814925193787e-02
-8.274489641189575195e-02
-5.418616533279418945e-02
9.837220609188079834e-02
-1.065036095678806305e-02
-6.132050603628158569e-02
1.100532114505767822e-01
9.853456169366836548e-02
-8.206798881292343140e-02
6.504682451486587524e-02
8.398899435997009277e-02
-2.396498620510101318e-02
7.105170935392379761e-02
-5.879171937704086304e-02
-1.615060307085514069e-02
-1.034236629493534565e-03
-8.805157989263534546e-02
-1.946683600544929504e-02
-2.032224461436271667e-02
1.533951163291931152e-01
-3.157553449273109436e-02
1.021753326058387756e-01
5.765951797366142273e-02
-3.795653209090232849e-02
-8.116462826728820801e-02
7.291553169488906860e-02
-1.241382285952568054e-01
7.835811935365200043e-03
1.329924631863832474e-02
-1.279248744249343872e-01
1.090604364871978760e-01
1.057705432176589966e-01
-8.845770359039306641e-02
-9.917672723531723022e-02
-2.387342229485511780e-02
6.462978571653366089e-02
1.072127372026443481e-01
-3.612934611737728119e-03
1.456367522478103638e-01
8.224479854106903076e-02
-7.129838317632675171e-02
-9.712418168783187866e-02
1.828421466052532196e-02
1.468894183635711670e-01
-4.888478294014930725e-02
-7.700627297163009644e-02
-3.263242542743682861e-02
-3.303080797195434570e-02
1.214181259274482727e-01
-6.394024938344955444e-02
-6.781321763992309570e-02
-9.288214147090911865e-02
9.546137601137161255e-02
-1.066037043929100037e-01
1.014079451560974121e-01
-7.067883759737014771e-02
6.100160256028175354e-02
-9.244564175605773926e-02
-2.711833640933036804e-02
5.659365653991699219e-02
-5.076322332024574280e-02
-1.098141372203826904e-01
-2.078034169971942902e-02
-6.857866793870925903e-02
9.609619528055191040e-02
1.994408667087554932e-02
-4.374259710311889648e-02
7.172493729740381241e-03
-5.552306771278381348e-02
2.702955389395356178e-03
-4.150805622339248657e-02
4.363152012228965759e-02
-3.807726874947547913e-02
-3.157185018062591553e-02
1.265731155872344971e-01
-4.333045333623886108e-02
-4.480799660086631775e-02
-4.587843641638755798e-02
-3.939057141542434692e-02
7.517140358686447144e-02
-2.824412286281585693e-02
-1.635958813130855560e-02
-2.551728114485740662e-02
1.049258559942245483e-01
-3.106779232621192932e-02
-1.142026633024215698e-01
1.731008640490472317e-03
-1.155760809779167175e-01
-7.180586457252502441e-02
7.693812996149063110e-02
-9.126380831003189087e-02
-2.761780098080635071e-02
-1.065969560295343399e-02
-3.264311526436358690e-04
-5.431317165493965149e-02
-5.910045653581619263e-02
-7.056818902492523193e-02
-1.123866345733404160e-02
1.362494677305221558e-01
-3.908001258969306946e-02
9.998575598001480103e-02
-1.049851253628730774e-01
-9.691159427165985107e-02
-1.207011714577674866e-01
8.198924362659454346e-02
2.643807558342814445e-03
4.169684275984764099e-02
-2.223057113587856293e-02
7.952070794999599457e-03
8.892472833395004272e-02
-9.720078855752944946e-02
1.231758520007133484e-01
-2.846483886241912842e-02
-1.082348451018333435e-01
-4.740980267524719238e-02
1.097916066646575928e-02
-4.735506139695644379e-03
-7.787257432937622070e-02
-3.324816748499870300e-02
4.307303577661514282e-02
-2.278977259993553162e-02
-4.229729995131492615e-02
1.054717749357223511e-01
-8.970236033201217651e-02
2.638203278183937073e-02
-7.588245719671249390e-02
-2.915400452911853790e-02
3.748707100749015808e-02
5.539838224649429321e-02
-4.795535281300544739e-02
7.947932183742523193e-02
6.867165863513946533e-02
2.281990647315979004e-02
5.234898626804351807e-02
-1.107587367296218872e-01
1.100013852119445801e-01
-1.885045692324638367e-02
-6.990712136030197144e-02
-9.047660976648330688e-02
-6.183440610766410828e-02
9.685500711202621460e-02
7.449055463075637817e-02
-9.961612522602081299e-02
2.505764923989772797e-02
-2.145305834710597992e-02
8.068187162280082703e-03
1.496364176273345947e-01
4.740040004253387451e-02
1.277766376733779907e-01
6.109071150422096252e-02
6.196396891027688980e-03
-7.033765316009521484e-03
-2.176589891314506531e-02
-1.210114732384681702e-02
-5.946800485253334045e-02
-9.236659854650497437e-02
1.171904504299163818e-01
6.435873359441757202e-02
-8.511077612638473511e-02
6.226549670100212097e-02
4.464514926075935364e-02
-2.262302674353122711e-02
-5.148831009864807129e-02
8.267028629779815674e-02
2.624123357236385345e-02
-2.416513673961162567e-02
-8.783218264579772949e-02
-5.256873369216918945e-02
1.033459678292274475e-01
9.844309650361537933e-03
-5.001283809542655945e-02
-6.900102645158767700e-02
-6.720903515815734863e-02
1.130768135190010071e-01
-6.064144521951675415e-02
9.687802940607070923e-02
-1.338049471378326416e-01
4.591173306107521057e-02
8.776839077472686768e-02
-6.876863539218902588e-02
8.192727714776992798e-02
-8.386091142892837524e-02
-2.739410847425460815e-02
1.630221009254455566e-01
-8.556471765041351318e-02
6.599051505327224731e-02
-6.602930277585983276e-02
-1.207313314080238342e-01
-1.019791960716247559e-01
-8.743496984243392944e-02
-1.220313161611557007e-01
1.135092675685882568e-01
-7.028589397668838501e-02
3.787171095609664917e-03
-6.902834028005599976e-02
-1.238377094268798828e-01
-9.900428354740142822e-02
1.152452379465103149e-01
-2.414938248693943024e-02
7.600001990795135498e-02
9.232613444328308105e-02
2.320066466927528381e-02
8.553151786327362061e-02
-4.377956688404083252e-02
8.757238090038299561e-02
1.055093184113502502e-01
5.611071363091468811e-02
8.762492984533309937e-02
2.356118755415081978e-03
7.849244028329849243e-02
3.658202663064002991e-02
-7.299350947141647339e-02
-9.687791019678115845e-02
-7.287850975990295410e-02
-1.533615775406360626e-02
5.245028063654899597e-02
-8.668164163827896118e-02
-1.364742368459701538e-01
-6.635047495365142822e-02
9.974247962236404419e-02
1.224480345845222473e-01
-6.547317653894424438e-02
-1.326544024050235748e-02
-1.973202684894204140e-03
5.559760145843029022e-03
1.173988804221153259e-01
-8.817922323942184448e-02
1.041583046317100525e-01
-3.000701405107975006e-02
2.892274782061576843e-02
-2.491656504571437836e-02
1.287699490785598755e-01
3.055216744542121887e-03
-1.313446182757616043e-02
-5.195641517639160156e-02
-1.662296801805496216e-01
6.693092733621597290e-02
4.399622790515422821e-03
-1.443464010953903198e-01
-3.208806738257408142e-03
-1.176555920392274857e-02
-1.877685077488422394e-02
5.877816304564476013e-02
4.113909974694252014e-02
3.946903720498085022e-02
7.909062504768371582e-02
8.613571524620056152e-02
2.989263460040092468e-02
-3.001592494547367096e-02
1.019269973039627075e-01
-5.061201751232147217e-02
1.202335283160209656e-01
-4.805495217442512512e-02
1.091840118169784546e-01
9.160213172435760498e-03
-9.058072417974472046e-02
-1.138013601303100586e-01
-9.978789091110229492e-02
-9.602583944797515869e-02
-7.645439356565475464e-02
-5.787643603980541229e-03
7.228051871061325073e-02
-5.169362574815750122e-02
-1.002405658364295959e-01
1.065886989235877991e-01
-9.095694869756698608e-03
-2.658691443502902985e-02
2.761282026767730713e-02
-5.372383072972297668e-02
-7.355403900146484375e-02
1.101070828735828400e-02
6.764999032020568848e-02
9.767456352710723877e-02
8.065572381019592285e-02
-3.920713439583778381e-03
3.453905880451202393e-02
1.614982634782791138e-01
-4.357145354151725769e-02
-5.509871244430541992e-02
1.152197122573852539e-01
8.832659572362899780e-02
-4.191556200385093689e-02
7.779155671596527100e-02
-8.758530020713806152e-02
-4.964410886168479919e-02
9.402866661548614502e-02
-1.131160706281661987e-01
-1.117129027843475342e-01
1.309463679790496826e-01
-7.065993547439575195e-02
2.682225406169891357e-02
-8.813855797052383423e-02
-1.099168658256530762e-01
7.728072255849838257e-02
-4.712630063295364380e-02
-8.144202828407287598e-02
1.106759905815124512e-01
1.422040313482284546e-01
8.652080595493316650e-02
-7.797773927450180054e-02
-7.352175563573837280e-02
1.012255027890205383e-01
1.035279035568237305e-01
-7.901544682681560516e-03
-6.379436701536178589e-02
-4.605964943766593933e-02
-6.255099922418594360e-02
9.342020750045776367e-02
-1.067571118474006653e-01
5.594672635197639465e-02
-9.501272439956665039e-02
7.517552375793457031e-02
-5.517331883311271667e-02
-7.947643846273422241e-02
-9.264349192380905151e-02
5.434679239988327026e-02
-6.088390573859214783e-02
1.147499158978462219e-01
-1.151565462350845337e-01
-2.654056623578071594e-02
-1.048173531889915466e-01
-1.427131891250610352e-01
1.478300541639328003e-01
1.367846876382827759e-01
8.090101182460784912e-02
7.851404696702957153e-02
4.396170005202293396e-02
-1.103853583335876465e-01
-5.478692799806594849e-02
-3.448073193430900574e-02
-7.588280737400054932e-02
1.906991377472877502e-02
-8.554028719663619995e-02
9.064332395792007446e-02
-2.905980125069618225e-02
-3.023440390825271606e-02
-1.006460282951593399e-02
9.015278518199920654e-02
-5.196015164256095886e-02
-4.155920445919036865e-02
8.057942986488342285e-02
-3.766157105565071106e-02
-2.337089367210865021e-02
7.417741417884826660e-02
1.029408350586891174e-01
-8.897329866886138916e-02
-1.166049838066101074e-01
-8.642133325338363647e-02
1.327509433031082153e-01
2.278503775596618652e-02
-7.794405519962310791e-02
-1.286857277154922485e-01
-1.449076551944017410e-02
-1.296199299395084381e-02
5.900664255023002625e-04
-5.957425013184547424e-02
-4.256530478596687317e-02
1.307740360498428345e-01
6.817355006933212280e-02
3.088025189936161041e-02
-7.348074764013290405e-02
-1.116611137986183167e-01
6.657575815916061401e-02
-7.062322925776243210e-03
8.086707442998886108e-02
-2.472366578876972198e-02
1.178721189498901367e-01
-7.218585163354873657e-02
2.570424461737275124e-03
3.287765756249427795e-02
6.499302573502063751e-03
7.449068874120712280e-02
-1.479030698537826538e-01
-2.295766770839691162e-02
-1.453988533467054367e-02
-1.042483821511268616e-01
1.138146445155143738e-01
1.582051962614059448e-01
8.461756631731987000e-03
-1.304289232939481735e-02
-1.213038489222526550e-01
5.452310293912887573e-02
1.483218818902969360e-01
-4.026555642485618591e-02
-5.989541485905647278e-02
2.982311695814132690e-02
-9.406604617834091187e-02
-9.388224035501480103e-02
1.094662696123123169e-01
1.230893936008214951e-02
1.081768274307250977e-01
-1.033940240740776062e-01
2.881280845031142235e-03
1.056300774216651917e-01
5.990931019186973572e-02
8.747437968850135803e-03
-6.584213674068450928e-02
-7.537245750427246094e-02
3.712727874517440796e-02
-2.196251787245273590e-02
-1.343368589878082275e-01
-5.554573144763708115e-03
-8.909267187118530273e-02
7.623997330665588379e-02
-7.655311375856399536e-02
-7.933965325355529785e-02
-1.023097336292266846e-01
-5.897500365972518921e-02
8.381395041942596436e-02
1.281406879425048828e-01
1.054631471633911133e-01
1.248312443494796753e-01
3.435046644881367683e-03
-1.277330964803695679e-01
2.814898034557700157e-03
-6.501966714859008789e-02
-6.813479959964752197e-02
4.308423399925231934e-02
-1.092142313718795776e-01
5.617433413863182068e-02
-8.825101703405380249e-02
8.410525321960449219e-02
-1.103725936263799667e-02
1.492110937833786011e-01
4.045484587550163269e-02
-4.848909005522727966e-02
-1.781013049185276031e-02
-6.443717330694198608e-02
-7.369194179773330688e-02
-4.016846790909767151e-02
1.610395461320877075e-01
-1.441180333495140076e-02
4.400861635804176331e-02
-3.241205587983131409e-02
4.233844205737113953e-02
3.917971253395080566e-02
1.234792172908782959e-01
-6.481092423200607300e-02
-5.130815133452415466e-02
-1.419170480221509933e-02
2.727843448519706726e-02
-7.071398198604583740e-02
5.036675930023193359e-02
5.767271667718887329e-02
2.525104209780693054e-02
-8.571954816579818726e-02
1.196981593966484070e-01
-6.552917510271072388e-02
6.872919201850891113e-02
5.021398141980171204e-02
-8.927810192108154297e-02
4.307973757386207581e-02
7.770147919654846191e-02
-5.521186068654060364e-02
-3.742560371756553650e-02
1.161466352641582489e-02
1.101213227957487106e-02
2.522154711186885834e-02
-3.233320638537406921e-02
-1.453309226781129837e-02
5.325449630618095398e-02
-8.894512057304382324e-02
-5.206550657749176025e-02
-8.775877207517623901e-02
-3.057131357491016388e-02
-5.657912045717239380e-02
8.651866763830184937e-02
-4.445041716098785400e-02
6.281998008489608765e-02
-1.287627033889293671e-02
1.021894589066505432e-01
-3.690110146999359131e-02
9.826268069446086884e-03
-6.267303973436355591e-02
1.818965189158916473e-02
-4.736122675240039825e-03
-3.512513637542724609e-02
1.536785960197448730e-01
-3.994689881801605225e-02
-3.239351138472557068e-02
-8.501483500003814697e-02
7.706830650568008423e-02
7.419194281101226807e-02
-1.893601007759571075e-02
-3.567972406744956970e-02
-5.238168686628341675e-02
-2.242521569132804871e-02
-8.562587201595306396e-02
-2.607123926281929016e-02
2.986035868525505066e-02
5.075859650969505310e-02
9.394416958093643188e-02
-5.538598448038101196e-02
-4.970561712980270386e-02
5.537715926766395569e-02
-1.955245807766914368e-02
-2.911910228431224823e-02
6.258748471736907959e-02
4.719898104667663574e-02
-1.065036281943321228e-01
4.707437753677368164e-02
7.620182633399963379e-02
6.536645442247390747e-02
-3.974173218011856079e-02
-6.326299905776977539e-02
-7.394108921289443970e-02
-5.185995623469352722e-02
-3.907233104109764099e-02
-1.178061962127685547e-02
2.943782135844230652e-02
8.443944156169891357e-03
6.391555070877075195e-02
1.671625860035419464e-02
-3.318624943494796753e-02
-4.827719554305076599e-02
-2.118773944675922394e-02
2.156276721507310867e-03
-9.376870095729827881e-02
-9.424836188554763794e-02
-1.580515503883361816e-02
8.972612023353576660e-02
9.431070648133754730e-03
3.687660396099090576e-02
-4.029363766312599182e-02
-1.529631763696670532e-02
6.993918865919113159e-02
6.429661810398101807e-02
-8.314189314842224121e-02
2.287130802869796753e-02
1.576433656737208366e-03
1.112576201558113098e-02
-4.283760860562324524e-02
1.770679838955402374e-02
4.851993173360824585e-02
-2.001239359378814697e-02
-6.965182721614837646e-02
-5.928439646959304810e-02
4.034208133816719055e-03
9.862502664327621460e-02
2.501120034139603376e-04
-1.868744008243083954e-02
3.014037385582923889e-02
-8.447276055812835693e-02
1.039157658815383911e-01
8.280396461486816406e-02
-1.564398035407066345e-02
-3.978227451443672180e-02
-5.129900574684143066e-02
1.132323220372200012e-01
-3.011645190417766571e-02
-2.184573002159595490e-02
-6.042361725121736526e-03
7.777587324380874634e-02
-4.129216074943542480e-02
-6.895976606756448746e-03
-3.229952650144696236e-03
-1.104308143258094788e-01
-5.997213721275329590e-02
-8.699764311313629150e-02
1.162416711449623108e-01
-5.206644907593727112e-02
9.287060052156448364e-02
-2.755760401487350464e-02
5.322054773569107056e-02
8.554839342832565308e-02
7.892975956201553345e-02
1.090282648801803589e-01
-1.001232191920280457e-01
6.694114208221435547e-02
1.144937723875045776e-01
1.365823950618505478e-02
4.840205889195203781e-03
-6.869253516197204590e-02
-6.656719371676445007e-03
4.517398774623870850e-02
4.192823544144630432e-02
-5.767931044101715088e-02
8.938875049352645874e-02
1.639543473720550537e-02
-8.633124828338623047e-02
-2.572407945990562439e-02
-1.133231595158576965e-01
-1.154372766613960266e-01
1.194485872983932495e-01
1.035048291087150574e-01
2.646098472177982330e-02
2.242414653301239014e-02
3.397990390658378601e-02
7.986716181039810181e-02
8.209261298179626465e-02
-8.321053534746170044e-02
-3.335286304354667664e-02
-1.542411278933286667e-02
-8.672887831926345825e-02
8.357424288988113403e-02
2.972907945513725281e-02
-5.511226505041122437e-02
1.068002879619598389e-01
4.709934070706367493e-02
-7.294288836419582367e-03
-5.920649692416191101e-02
-3.309587389230728149e-02
3.294849023222923279e-02
7.354667782783508301e-02
-7.748301327228546143e-02
-2.461929060518741608e-02
-6.373753398656845093e-02
-5.097329989075660706e-02
-2.758572064340114594e-02
3.898764401674270630e-02
-1.253291498869657516e-02
6.715883966535329819e-03
-5.291957035660743713e-02
4.224017262458801270e-02
-5.948637053370475769e-02
9.900939464569091797e-02
-1.086865738034248352e-01
1.728580519556999207e-02
-8.487507700920104980e-02
1.005283966660499573e-01
-6.199915707111358643e-02
-3.066011145710945129e-02
-4.274944216012954712e-02
1.124076843261718750e-01
2.645141258835792542e-02
8.993832021951675415e-02
5.410036537796258926e-03
-7.731965929269790649e-02
9.369654953479766846e-02
9.908328950405120850e-02
-5.008771270513534546e-02
-5.653254315257072449e-02
-6.645970046520233154e-02
2.762485668063163757e-02
-7.020341604948043823e-02
4.805432632565498352e-02
1.020211800932884216e-01
6.263777613639831543e-02
-3.508930653333663940e-02
-2.112140692770481110e-02
-1.981685496866703033e-02
7.448053359985351562e-02
-3.799891099333763123e-02
6.219783052802085876e-02
-1.046420186758041382e-01
1.293309628963470459e-01
3.470181673765182495e-02
1.087241843342781067e-01
-6.652971357107162476e-02
7.634548470377922058e-03
-5.528260767459869385e-02
1.485250443220138550e-01
9.247471392154693604e-02
-5.577322468161582947e-02
-3.776672109961509705e-02
-4.516913369297981262e-02
3.153261542320251465e-02
-6.963054090738296509e-02
4.460933431982994080e-02
-1.257329136133193970e-01
1.078630238771438599e-01
7.202104665338993073e-03
1.210960596799850464e-01
1.024604439735412598e-01
-7.988076657056808472e-02
1.192662939429283142e-01
-7.074825931340456009e-03
-2.817794866859912872e-02
-1.531088352203369141e-02
6.032340973615646362e-02
1.044131144881248474e-01
9.802898019552230835e-02
-3.341862931847572327e-02
-1.706308498978614807e-02
8.971048891544342041e-02
-8.289930969476699829e-02
7.418415695428848267e-02
7.676944136619567871e-02
9.735698252916336060e-02
-6.537423282861709595e-02
-1.158510451205074787e-03
-6.418779492378234863e-02
-4.580416902899742126e-02
-8.131002634763717651e-02
-4.857095703482627869e-02
1.226999163627624512e-01
-1.908759772777557373e-02
-7.640504091978073120e-02
-7.192678004503250122e-02
1.317052543163299561e-01
-9.708525240421295166e-02
-1.088525056838989258e-01
9.696914814412593842e-03
6.466279271990060806e-03
-1.650823163799941540e-03
9.239530563354492188e-02
-1.578738912940025330e-02
-6.897149235010147095e-02
-1.852097734808921814e-02
5.900922045111656189e-02
-5.775121971964836121e-02
-6.701105833053588867e-02
6.639711093157529831e-03
1.689749062061309814e-01
8.527078479528427124e-02
-3.071434423327445984e-02
-2.835766971111297607e-02
4.987302049994468689e-02
-7.470915466547012329e-02
7.833035290241241455e-02
7.286859303712844849e-02
-5.108455196022987366e-02
1.107624024152755737e-01
-9.632293879985809326e-02
8.340223133563995361e-02
8.413036167621612549e-02
-5.441102012991905212e-02
-6.870871782302856445e-02
1.167548261582851410e-02
3.532695397734642029e-02
-1.123532280325889587e-02
-8.232894539833068848e-02
1.356957554817199707e-01
1.942648924887180328e-02
-7.996992021799087524e-02
-6.375019252300262451e-02
8.746499568223953247e-02
-5.148639902472496033e-02
6.514561921358108521e-02
1.331972144544124603e-02
-4.069570824503898621e-02
-1.871584542095661163e-02
8.831489086151123047e-02
-2.885344065725803375e-02
-1.066347304731607437e-02
8.968126773834228516e-02
-1.274641510099172592e-02
4.890267923474311829e-02
-9.499912708997726440e-02
-5.520528927445411682e-02
-4.489355534315109253e-02
4.690551012754440308e-02
-3.509097546339035034e-02
6.025823205709457397e-02
-9.714067727327346802e-02
4.183621332049369812e-02
-5.169338360428810120e-02
-2.879937365651130676e-02
-7.349260896444320679e-02
5.980497598648071289e-02
-9.377374500036239624e-02
-3.431833907961845398e-02
-4.948439076542854309e-02
-1.366162393242120743e-02
-5.855946242809295654e-02
-1.425218302756547928e-02
-2.395253442227840424e-02
7.459985464811325073e-02
-6.949122063815593719e-03
-5.335761606693267822e-02
7.816523313522338867e-02
1.110049560666084290e-01
-6.769439578056335449e-02
1.420282423496246338e-01
2.147801779210567474e-02
9.367640316486358643e-02
-1.393257081508636475e-02
-3.317585960030555725e-02
-7.017928361892700195e-02
-8.456899970769882202e-02
-4.086318612098693848e-02
-1.556079369038343430e-02
-8.854143321514129639e-02
8.845071494579315186e-02
-1.930450461804866791e-02
-8.339117467403411865e-02
6.574848294258117676e-02
-5.579691380262374878e-02
3.073443658649921417e-02
1.218347698450088501e-01
-7.131256908178329468e-02
3.442264720797538757e-02
8.156686276197433472e-02
9.615285694599151611e-02
1.015107855200767517e-01
-8.537518233060836792e-02
-9.464560449123382568e-02
-9.853203594684600830e-02
1.428673416376113892e-01
-3.575157001614570618e-02
6.323578208684921265e-02
9.116595983505249023e-02
1.003236137330532074e-02
-1.820651814341545105e-03
2.417972544208168983e-03
-7.134021259844303131e-03
1.216528937220573425e-02
1.273032128810882568e-01
4.811954125761985779e-02
4.621593654155731201e-02
9.861426055431365967e-02
1.600864343345165253e-02
1.598984963493421674e-04
-2.533148042857646942e-02
-7.591903209686279297e-02
1.304610539227724075e-02
-2.934375405311584473e-02
1.307548955082893372e-02
-8.588024415075778961e-03
7.554606348276138306e-02
-9.188811480998992920e-02
-9.518335573375225067e-03
3.576011396944522858e-03
-4.365650191903114319e-02
1.797597110271453857e-02
-7.735846936702728271e-02
5.432014167308807373e-02
1.064334362745285034e-01
-1.262116618454456329e-02
1.110878661274909973e-01
9.988661622628569603e-04
1.290927380323410034e-01
5.300323665142059326e-02
9.421780705451965332e-02
4.179914668202400208e-02
-3.866752982139587402e-02
5.646423995494842529e-02
-7.689907401800155640e-02
-3.281384333968162537e-02
1.273356378078460693e-01
-7.120501715689897537e-03
1.094457507133483887e-01
-1.088071316480636597e-01
-5.034330859780311584e-02
1.165271699428558350e-01
7.666414976119995117e-02
-9.642767719924449921e-03
-8.607456088066101074e-02
-9.731593728065490723e-02
-9.611930698156356812e-02
-1.707250485196709633e-03
-5.883017554879188538e-02
-9.676005691289901733e-02
9.885345399379730225e-02
6.729029864072799683e-02
-2.747123129665851593e-03
7.631680369377136230e-02
2.622610516846179962e-02
9.869562834501266479e-02
1.125942915678024292e-01
7.829285413026809692e-02
-3.660234436392784119e-02
2.065354958176612854e-02
-2.022670954465866089e-02
9.413842111825942993e-02
6.392570585012435913e-02
-8.130332827568054199e-02
-6.800699234008789062e-02
-1.668487675487995148e-02
-5.947546288371086121e-02
-1.765584386885166168e-02
3.563524782657623291e-02
5.183383822441101074e-02
-1.464522629976272583e-02
-5.324595049023628235e-02
9.401923418045043945e-02
-6.597199290990829468e-02
3.367607668042182922e-02
-1.276841014623641968e-01
5.592031776905059814e-02
-7.524255663156509399e-02
9.100040048360824585e-02
-8.707351982593536377e-02
1.945989392697811127e-02
1.358188986778259277e-01
-8.208314329385757446e-02
-2.669242769479751587e-02
-2.560679800808429718e-03
6.798858195543289185e-02
-1.219288166612386703e-02
6.985471397638320923e-02
2.624731324613094330e-02
-3.723522648215293884e-02
1.150201559066772461e-01
1.489137765020132065e-03
4.559728130698204041e-02
1.027139499783515930e-01
6.548476964235305786e-02
-2.440222725272178650e-02
1.349890381097793579e-01
-4.486508667469024658e-02
5.987309664487838745e-02
-8.119691163301467896e-02
8.753195405006408691e-02
6.760225445032119751e-02
-3.814563527703285217e-02
-3.263762220740318298e-02
5.767049640417098999e-02
-1.207206957042217255e-02
4.286198690533638000e-02
-4.182776436209678650e-02
-2.351420000195503235e-02
1.351839154958724976e-01
2.154935896396636963e-02
8.901927620172500610e-02
1.015933975577354431e-01
1.129728853702545166e-01
-3.768424689769744873e-02
-9.417962282896041870e-02
7.267671823501586914e-02
-6.147145852446556091e-02
5.565223097801208496e-02
-1.457495614886283875e-02
-8.321762084960937500e-02
-1.058228313922882080e-01
-9.900037199258804321e-03
-1.095053628087043762e-01
-3.717492520809173584e-02
-2.568710222840309143e-02
-2.308690734207630157e-02
-9.556704014539718628e-02
7.012756913900375366e-02
1.429482996463775635e-01
-2.344084344804286957e-02
1.884871511720120907e-03
-1.868158392608165741e-02
-3.527047857642173767e-02
-2.811518125236034393e-02
-7.633939385414123535e-02
3.262421116232872009e-02
3.311107680201530457e-02
-1.213895455002784729e-01
-8.347510546445846558e-02
-6.634555757045745850e-02
-1.807085424661636353e-02
-6.843658536672592163e-02
-6.253043562173843384e-02
