5.722107291221618652e-01
1.798802316188812256e-01
5.665193796157836914e-01
4.211351871490478516e-01
5.504167079925537109e-01
3.419698476791381836e-01
3.713285624980926514e-01
4.970302581787109375e-01
3.541519045829772949e-01
2.032218277454376221e-01
4.828772544860839844e-01
6.263362765312194824e-01
5.825342535972595215e-01
3.706249892711639404e-01
4.436518251895904541e-01
6.347759366035461426e-01
2.801049649715423584e-01
5.076242089271545410e-01
4.212350845336914062e-01
4.990204274654388428e-01
2.630883455276489258e-01
4.410876035690307617e-01
4.178184866905212402e-01
5.039113163948059082e-01
4.139603674411773682e-01
3.048163354396820068e-01
2.700223326683044434e-01
4.635466039180755615e-01
3.439438045024871826e-01
4.211428761482238770e-01
4.653230309486389160e-01
2.634977698326110840e-01
4.282096028327941895e-01
3.953189551830291748e-01
3.246282339096069336e-01
6.545152068138122559e-01
3.076593577861785889e-01
2.505068182945251465e-01
3.771263659000396729e-01
4.476222395896911621e-01
2.048752158880233765e-01
5.170227289199829102e-01
4.510832726955413818e-01
3.392585515975952148e-01
4.194632172584533691e-01
3.215347528457641602e-01
2.775243222713470459e-01
5.002135634422302246e-01
6.260486245155334473e-01
5.129682421684265137e-01
3.776255846023559570e-01
3.808869123458862305e-01
2.182561606168746948e-01
4.127832055091857910e-01
2.894529104232788086e-01
3.804664313793182373e-01
2.789698541164398193e-01
1.950557380914688110e-01
4.069606661796569824e-01
3.131742179393768311e-01
2.704221308231353760e-01
4.361706078052520752e-01
2.174191474914550781e-01
2.410363852977752686e-01
3.326280117034912109e-01
3.174048662185668945e-01
2.819265127182006836e-01
3.685388565063476562e-01
1.892409473657608032e-01
7.806565165519714355e-01
4.173284173011779785e-01
2.411714792251586914e-01
3.024920523166656494e-01
2.879312038421630859e-01
4.827031791210174561e-01
6.214593052864074707e-01
5.400567054748535156e-01
3.035578131675720215e-01
3.211701512336730957e-01
3.445145487785339355e-01
4.122816324234008789e-01
2.761536836624145508e-01
5.101180076599121094e-01
4.892008006572723389e-01
3.373441398143768311e-01
5.959193110466003418e-01
4.052529335021972656e-01
2.866514027118682861e-01
3.308671712875366211e-01
3.312086760997772217e-01
3.401462137699127197e-01
2.652864456176757812e-01
4.124098420143127441e-01
6.745386123657226562e-01
3.930528759956359863e-01
4.233780801296234131e-01
2.666703164577484131e-01
4.813466668128967285e-01
4.255869388580322266e-01
3.198802769184112549e-01
3.163886964321136475e-01
1.808406859636306763e-01
3.196932971477508545e-01
4.425420165061950684e-01
4.123973250389099121e-01
2.407292574644088745e-01
4.376977384090423584e-01
3.077465593814849854e-01
6.595785021781921387e-01
2.744511067867279053e-01
3.097063601016998291e-01
3.553496301174163818e-01
4.492651820182800293e-01
3.875738978385925293e-01
2.974344789981842041e-01
2.770811021327972412e-01
3.026026189327239990e-01
4.166422486305236816e-01
3.603567481040954590e-01
3.548673987388610840e-01
3.135431110858917236e-01
1.639836132526397705e-01
5.789223313331604004e-01
1.321064680814743042e-01
2.078960388898849487e-01
1.868275403976440430e-01
5.422670245170593262e-01
3.024424314498901367e-01
3.905967772006988525e-01
5.019822120666503906e-01
3.021064102649688721e-01
2.427726686000823975e-01
3.609909415245056152e-01
3.545705974102020264e-01
5.925603508949279785e-01
4.008794128894805908e-01
3.709962964057922363e-01
2.264777719974517822e-01
6.572580933570861816e-01
2.905549705028533936e-01
4.542180299758911133e-01
4.933174252510070801e-01
3.002696931362152100e-01
3.181539773941040039e-01
2.491131573915481567e-01
3.147274255752563477e-01
3.069951534271240234e-01
3.872822523117065430e-01
3.217424154281616211e-01
2.726462483406066895e-01
3.631353080272674561e-01
2.202747166156768799e-01
3.522077202796936035e-01
5.521709322929382324e-01
3.017159104347229004e-01
2.155517190694808960e-01
3.416000008583068848e-01
2.301607877016067505e-01
1.310409903526306152e-01
4.190368354320526123e-01
2.911631166934967041e-01
3.207015991210937500e-01
3.672522306442260742e-01
4.376699626445770264e-01
6.031643152236938477e-01
2.835136353969573975e-01
3.413054943084716797e-01
5.662814378738403320e-01
5.896015763282775879e-01
4.093564450740814209e-01
5.885541439056396484e-01
3.333347141742706299e-01
3.660566508769989014e-01
2.529088556766510010e-01
4.426352381706237793e-01
3.577241301536560059e-01
6.880388855934143066e-01
2.230811119079589844e-01
3.487765192985534668e-01
4.299002885818481445e-01
4.254472255706787109e-01
2.804666757583618164e-01
2.443788945674896240e-01
2.975019514560699463e-01
5.007925629615783691e-01
4.551709592342376709e-01
3.817944228649139404e-01
3.731275498867034912e-01
3.470819890499114990e-01
4.412180781364440918e-01
3.175688982009887695e-01
4.015636146068572998e-01
3.266292512416839600e-01
3.689098358154296875e-01
4.371823072433471680e-01
4.511272609233856201e-01
5.195810794830322266e-01
6.396217346191406250e-01
4.823641777038574219e-01
3.697580993175506592e-01
2.876549065113067627e-01
4.254303872585296631e-01
4.059101641178131104e-01
5.119760632514953613e-01
4.522207677364349365e-01
4.266418218612670898e-01
7.193199992179870605e-01
2.474667578935623169e-01
3.555683791637420654e-01
3.695091605186462402e-01
4.549221098423004150e-01
3.216379582881927490e-01
2.399031221866607666e-01
3.679513037204742432e-01
3.364804983139038086e-01
4.238812029361724854e-01
4.720388054847717285e-01
5.222876667976379395e-01
2.284432947635650635e-01
3.642375469207763672e-01
4.271865487098693848e-01
3.957571685314178467e-01
5.233390927314758301e-01
2.502112984657287598e-01
1.951053142547607422e-01
2.905927896499633789e-01
6.224609017372131348e-01
2.311860620975494385e-01
6.170004010200500488e-01
2.729633450508117676e-01
3.955165147781372070e-01
3.864990174770355225e-01
2.555434703826904297e-01
2.384732514619827271e-01
3.339504003524780273e-01
2.379826009273529053e-01
2.700138688087463379e-01
4.847532808780670166e-01
4.483193159103393555e-01
3.028155863285064697e-01
3.642198145389556885e-01
3.249976634979248047e-01
5.545290708541870117e-01
4.161049425601959229e-01
2.960416078567504883e-01
3.478576242923736572e-01
4.210109710693359375e-01
3.633731901645660400e-01
3.174194991588592529e-01
3.851605355739593506e-01
4.162621796131134033e-01
3.382745683193206787e-01
3.376282751560211182e-01
2.713559269905090332e-01
5.607730746269226074e-01
3.179318606853485107e-01
