-3.133599162101745605e-01
-2.120869904756546021e-01
-1.235646232962608337e-01
-2.931724488735198975e-01
-3.224855661392211914e-01
4.745671153068542480e-02
2.834077924489974976e-02
1.124565750360488892e-01
-1.511525362730026245e-01
-1.164722144603729248e-01
2.982339560985565186e-01
2.356954663991928101e-01
-1.913867145776748657e-01
-2.555705010890960693e-01
-4.399246573448181152e-01
3.243105709552764893e-01
-6.928568333387374878e-02
4.376866817474365234e-01
1.449074596166610718e-01
-2.931337058544158936e-01
-2.001813426613807678e-02
1.121212616562843323e-01
6.569383293390274048e-02
-1.070694923400878906e-01
-2.018442153930664062e-01
1.419443339109420776e-01
4.112636670470237732e-02
-9.339726716279983521e-02
-5.315770506858825684e-01
8.666880428791046143e-02
1.152910217642784119e-01
7.422914355993270874e-02
-3.493013083934783936e-01
-2.879697978496551514e-01
1.643867939710617065e-01
-9.150820970535278320e-02
-4.886616766452789307e-01
9.960073977708816528e-02
3.638644814491271973e-01
3.189583495259284973e-02
6.191340461373329163e-02
2.053956501185894012e-02
4.581383243203163147e-02
5.898243561387062073e-02
-5.579059720039367676e-01
4.411061406135559082e-01
-1.612170934677124023e-01
3.266156613826751709e-01
-1.884492039680480957e-01
7.934144884347915649e-02
1.506308317184448242e-01
-4.027985036373138428e-02
5.630253553390502930e-01
8.338475972414016724e-02
-2.124341875314712524e-01
-1.797666102647781372e-01
-1.284043341875076294e-01
-3.388164341449737549e-01
-2.924587726593017578e-01
4.017029423266649246e-03
-3.567266464233398438e-01
1.294931918382644653e-01
4.801100865006446838e-02
4.143973290920257568e-01
1.837828569114208221e-02
1.852175146341323853e-01
6.661105155944824219e-02
1.732027232646942139e-01
-2.268754988908767700e-01
-1.405570656061172485e-01
4.505152702331542969e-01
-9.140097349882125854e-02
-3.581899404525756836e-01
-3.951202034950256348e-01
3.016234636306762695e-01
2.366602718830108643e-01
1.469888687133789062e-01
-2.592449188232421875e-01
-2.358134388923645020e-01
2.844095826148986816e-01
-2.769433856010437012e-01
3.604092895984649658e-01
1.572629660367965698e-01
-3.788459300994873047e-01
-2.155679166316986084e-01
1.772763580083847046e-01
1.105119287967681885e-01
-1.824836581945419312e-01
1.737262122333049774e-02
-3.132908642292022705e-01
4.503839462995529175e-02
2.068137675523757935e-01
9.610629826784133911e-02
-1.436207741498947144e-01
-2.798955738544464111e-01
-3.165316879749298096e-01
-1.709237135946750641e-02
2.782627940177917480e-01
-2.484217584133148193e-01
2.550828158855438232e-01
-4.838514029979705811e-01
2.541975080966949463e-01
1.217937842011451721e-01
-1.583085805177688599e-01
6.527972221374511719e-01
5.366606637835502625e-02
-3.900079131126403809e-01
8.253758400678634644e-02
1.739859580993652344e-02
-1.508619934320449829e-01
1.093678399920463562e-01
8.132656104862689972e-03
-1.694548130035400391e-01
2.323396205902099609e-01
1.329370290040969849e-01
1.449974179267883301e-01
-1.283070743083953857e-01
-2.139026820659637451e-01
1.222842112183570862e-01
-1.443019416183233261e-02
1.470772176980972290e-01
-2.227551937103271484e-01
3.272243216633796692e-02
1.144930049777030945e-01
8.325170725584030151e-02
1.495578978210687637e-02
-8.509161323308944702e-02
4.277871847152709961e-01
