-5.858770608901977539e-01
4.495409727096557617e-01
-6.126234531402587891e-01
-1.333459317684173584e-01
2.226291596889495850e-01
5.202424526214599609e-01
-2.058431506156921387e-01
-6.745299696922302246e-01
-4.433349519968032837e-02
9.115582108497619629e-01
-8.451167941093444824e-01
-6.511533260345458984e-02
-2.810085117816925049e-01
2.976496219635009766e-01
-2.569202780723571777e-01
-5.438705086708068848e-01
-2.294959574937820435e-01
4.905526712536811829e-02
-4.902167022228240967e-01
-2.482791990041732788e-01
-4.071656614542007446e-02
-2.854683101177215576e-01
-4.651859775185585022e-02
1.083069592714309692e-01
-6.058918237686157227e-01
2.080857753753662109e-01
-1.521845459938049316e-01
2.807009778916835785e-02
-3.293175399303436279e-01
9.033982455730438232e-02
6.788786649703979492e-01
-8.858290966600179672e-04
3.836496174335479736e-01
2.118430286645889282e-01
-3.874321281909942627e-01
-7.721509784460067749e-02
3.027223236858844757e-02
-2.592596709728240967e-01
7.341545224189758301e-01
-6.979032158851623535e-01
4.255564212799072266e-01
-8.586388081312179565e-02
-3.407913446426391602e-01
-9.535111188888549805e-01
-1.370359957218170166e-01
-9.603585302829742432e-02
5.662673115730285645e-01
-4.657193124294281006e-01
2.540704905986785889e-01
-2.971680760383605957e-01
3.380149900913238525e-01
-7.979094386100769043e-01
6.714926958084106445e-01
-1.443224549293518066e-01
-1.641262173652648926e-01
-6.354284882545471191e-01
8.560802042484283447e-02
2.286421358585357666e-01
1.004557386040687561e-01
3.086286187171936035e-01
5.970568656921386719e-01
-3.053612709045410156e-01
-4.377027451992034912e-01
-1.901805996894836426e-01
-6.470980048179626465e-01
-1.544474065303802490e-01
2.906218767166137695e-01
-8.562134206295013428e-02
4.257725477218627930e-01
-2.107127606868743896e-01
-6.536163091659545898e-01
2.491746656596660614e-02
-1.185454986989498138e-02
4.854715242981910706e-02
2.045106291770935059e-01
1.910018920898437500e-01
2.238712608814239502e-01
3.244589865207672119e-01
-1.920135915279388428e-01
3.204274773597717285e-01
-2.932481467723846436e-01
-4.812073707580566406e-01
-7.231277227401733398e-01
-2.218745201826095581e-01
-4.294350445270538330e-01
-1.312118470668792725e-01
3.883641660213470459e-01
2.759341001510620117e-01
-3.812445104122161865e-01
1.940367929637432098e-02
-5.340589955449104309e-02
3.977767750620841980e-02
-4.313018620014190674e-01
9.268856793642044067e-02
-5.752978920936584473e-01
2.833583652973175049e-01
2.073512971401214600e-01
7.031996548175811768e-02
-5.447925329208374023e-01
-6.722762435674667358e-02
-5.488148927688598633e-01
2.858530916273593903e-02
-4.101888239383697510e-01
-1.446871906518936157e-01
-6.869532912969589233e-02
3.482032418251037598e-01
-5.929485559463500977e-01
-2.737580835819244385e-01
-2.221581339836120605e-01
2.617560625076293945e-01
-2.301107645034790039e-01
-4.887274801731109619e-01
9.352185577154159546e-02
1.658065468072891235e-01
5.097839236259460449e-01
5.097337812185287476e-02
3.652340173721313477e-02
1.365934014320373535e-01
5.718480795621871948e-02
4.105445146560668945e-01
-4.654952883720397949e-01
4.489350616931915283e-01
2.995793521404266357e-01
-1.240653768181800842e-01
-4.702728241682052612e-02
5.444020032882690430e-01
-1.801232993602752686e-01
2.240063250064849854e-01
