-3.286746164121723268e-07
3.550692895259999204e-07
1.112295109351180145e-07
-4.301195417610870209e-07
7.630636389421852073e-08
-4.274089633327093907e-07
4.664842379042966058e-07
-4.115058516163117019e-07
1.715393125323316781e-07
-2.854521419237698865e-08
-2.395558453827106860e-07
-5.147543333805515431e-07
4.838124141315347515e-07
-1.301842189604940359e-07
-4.190228253264649538e-07
4.921216714137699455e-07
-2.285419782310782466e-07
2.469945581395904810e-09
-1.572796435311829555e-07
1.108020057927205926e-07
-8.271158549177926034e-07
-3.501484684420574922e-07
-5.243249461273080669e-07
4.494051779602159513e-07
-3.926056280079137650e-08
-4.342137742696650093e-07
-6.808721764173242263e-08
-1.574944832327673794e-07
-5.429349130281480029e-07
2.716173810313193826e-07
-2.844344919594732346e-07
-5.198306212150782812e-07
4.501204742268782866e-08
-1.384388497172039934e-07
-3.521125080396814155e-08
-5.952503556727606338e-07
4.355296709945832845e-07
-3.330057722905621631e-07
-5.388766339819994755e-07
-2.673150731880014064e-07
2.183119249821174890e-07
5.966235221421811730e-07
-3.549235430000408087e-07
6.392978235680857324e-08
5.374828901949513238e-07
1.050777527211721463e-07
-3.174804703576228349e-07
-3.845511855615768582e-07
-4.985492907394473150e-08
-2.091662736347643659e-07
-3.731349806912476197e-07
2.658199207417055732e-07
-1.150587749521037040e-07
4.540071358860586770e-07
5.074243176750314888e-07
8.232750587922055274e-07
-1.118468020422369591e-07
-3.569933255676005501e-07
-2.061727144564429182e-07
2.536818897169723641e-07
-5.727764005314384121e-07
-4.047510344662441639e-07
-8.809300879875081591e-07
3.687049741074588383e-07
-3.436289830460736994e-07
-2.144843449514155509e-07
5.159417355571349617e-07
-2.918632269199861184e-08
-6.050619845154869836e-07
1.850901156785766943e-07
-3.665517169793020003e-07
2.345929885905206902e-07
-1.741859421144908993e-07
-3.625806641593953827e-07
-3.297685395864391467e-07
-3.528864169766166015e-07
-2.890442658554093214e-07
2.535830958549922798e-07
-5.032937977489382320e-08
4.643448789920512354e-07
2.370212826008355478e-07
1.080863114566454897e-07
-4.970916052116081119e-07
-5.515972247849276755e-07
2.201053206363212666e-07
2.426452283543767408e-07
2.347702690030928352e-07
-1.134914171529999294e-07
-2.121378344099866808e-07
-1.591236156173181371e-07
5.420052957560983486e-07
-2.616746712647000095e-07
9.096676478748122463e-08
-3.454509283074003179e-07
1.309419985773274675e-07
2.101585465652533458e-07
-4.393465076191205299e-07
-2.950331179363274714e-07
2.511877710276166908e-07
-2.622629438064905116e-07
2.431767427424347261e-07
8.169087095666327514e-07
2.290718299491345533e-07
9.648244940763106570e-07
2.629752202665258665e-07
-4.441928425080732268e-08
-8.256414503193809651e-07
1.666533080424414948e-07
-2.720925635912863072e-07
-2.128462170958300703e-07
3.884712782564747613e-07
8.954960861728977761e-08
2.079309950886454317e-07
-3.341055219152622158e-07
1.387868167057604296e-07
-4.824781854040338658e-07
2.174683828570778132e-07
-2.715474920478300191e-07
6.294371956983013661e-08
1.560144511358885211e-07
1.924010746279236628e-07
-4.223753364840376889e-07
-1.448313327045980259e-07
-2.410656634310726076e-07
4.237536757045745617e-07
-5.746377595983176434e-08
4.278572518501277955e-08
4.767083225942769786e-07
-3.527782865830886294e-08
-2.565226964179601055e-07
1.620361977927586850e-08
1.964448159696985385e-08
6.445417284339782782e-07
1.855304532227819436e-07
4.210870656606857665e-07
-1.984375614938471699e-07
3.657939373624685686e-07
4.033390439417416928e-07
3.602817741921171546e-07
-4.499393355672509642e-07
-4.722372466403612634e-07
3.262251766500412486e-07
-3.638827763552399119e-07
-3.135877477689064108e-07
8.373411297668553743e-09
6.335661737466580234e-07
1.859833531625554315e-07
-3.375493236035254085e-07
-2.992895247189153451e-07
3.326587432184169302e-07
-7.464522155942177051e-08
-2.517430459647584939e-07
-7.949514824190373474e-09
-3.205774419257068075e-07
4.841093641516636126e-07
3.871433307267579949e-07
1.014384878317287075e-07
5.458829122062525130e-08
5.803917133562208619e-07
5.849898343512904830e-08
-6.123503908384009264e-07
1.276150385365326656e-07
-4.961573836226307321e-07
4.469153935815484147e-08
-2.815153834490047302e-07
-2.441345827719487716e-07
-1.408189120866154553e-10
1.893628081006681896e-07
-4.778326569976343308e-07
-8.489259073485300178e-08
1.845534853828212363e-07
-6.487391601694980636e-07
6.263063596634310670e-07
1.716017408170955605e-07
2.312638542889544624e-07
3.413032629850931698e-07
2.450006491017120425e-07
1.327627643377127242e-07
2.871739468446321553e-07
8.191282745428907219e-07
1.176746522446592280e-07
1.681118249052815372e-07
-1.773933462345667067e-07
-1.028792766533115355e-07
-9.487413166198166437e-08
-4.820922754333878402e-07
-3.703742947891441872e-07
6.526172455778578296e-07
3.852404120152641553e-07
2.500802338545327075e-07
-6.173125370878551621e-07
4.865267442255571950e-07
-3.716440062362380559e-07
4.073437480656139087e-07
2.951635451609035954e-07
6.522122930618934333e-07
1.075716937748438795e-07
4.132035940074274549e-07
2.282206565951128141e-07
-1.072163371418355382e-07
5.709084121008345392e-07
1.862769849481082929e-08
-1.565107083933980903e-07
3.085026278881741746e-08
-1.747142732710926794e-07
7.793867951022548368e-08
-8.060359846240316983e-08
-2.804777636811195407e-07
-2.718446125982154626e-07
-2.747620131415828837e-09
3.845198293106477649e-08
-7.791209810648069833e-08
-6.989880034780071583e-07
-5.644878342536685523e-07
-4.708385858975816518e-07
1.134553286874506739e-07
2.051612142395242699e-07
-3.388423692740616389e-07
-3.560788002232584404e-07
2.733963242462777998e-07
5.352425205273902975e-07
-1.955185524593616719e-07
-2.983418667668047419e-08
-3.930509251404146198e-08
-1.802870315259497147e-07
-7.172033633651153650e-08
-4.630753096535045188e-07
4.573781211547611747e-07
-1.097116424375599308e-07
-5.296653284858621191e-07
2.722657939102646196e-07
-1.156823969949982711e-07
-4.905720984993422462e-08
2.657057791566330707e-07
-6.030635972820164170e-07
3.313166985208226833e-07
2.166468249242825550e-07
7.301516546931452467e-08
-6.464665602834429592e-08
1.260148110304726288e-07
5.034372065892966930e-07
-1.860137643916459638e-07
-9.757208374594483757e-08
-3.996187558641395299e-08
-1.779632725629198831e-07
3.145425466755114030e-07
6.392615325978567853e-09
2.107396923634041741e-08
1.024888405254387180e-07
5.107041260998812504e-07
5.023879907639638986e-07
4.922458884948355262e-08
4.015472043761292298e-08
2.904357927491219016e-07
5.686014787897875067e-07
4.696032931406080024e-07
2.654044806149613578e-07
1.090996946118139022e-07
9.742465323370197439e-08
1.254405646022860310e-07
3.893657094522495754e-07
3.135462520731380209e-07
-1.538437999215602758e-07
6.293773253673862200e-07
-6.316134317785326857e-07
1.536247253852707217e-07
3.528151921727840090e-07
6.297121757370405248e-08
-6.961630560908815823e-07
2.909519878357968992e-07
-6.564260957020451315e-08
-3.676518076645152178e-07
5.340906454875948839e-07
-7.435837545699541806e-08
-2.443588584810640896e-07
6.884263825668313075e-07
9.591551020093902480e-08
-1.555726925062117516e-07
-3.050569148399517871e-07
2.128636964471297688e-07
1.966884326520812465e-07
1.730429310953240929e-08
3.070951493100437801e-07
-7.836347890588513110e-07
8.527853978534949420e-09
-3.390297251826268621e-07
3.983132330631633522e-07
1.909754558937493130e-07
2.634884026520012412e-07
-3.282682428107364103e-07
5.451322593330587551e-08
-3.554483782863826491e-07
3.248262601118767634e-07
-3.955395584398502251e-07
-3.698037787103203300e-08
-1.129278146549950179e-07
2.451019120996988931e-08
-8.859575295616650692e-09
-1.216773455325892428e-07
4.958289423484529834e-07
-3.228614673389529344e-07
-7.403460813293349929e-07
-3.793803671214845963e-07
-4.511135216489492450e-07
4.061350011852482567e-07
-2.805323049415164860e-07
-3.221674660380813293e-07
-4.028840692171797855e-07
-3.877527205986552872e-07
-2.430817005460994551e-07
-2.752602483724331250e-07
3.486237289962446084e-07
3.354438717906305101e-07
1.666224989094189368e-07
2.366473950132785831e-07
-3.764741336453880649e-07
1.245650310011114925e-06
-2.380619719133392209e-07
6.017241958033991978e-07
1.667708460217909305e-07
5.143652614947313850e-08
-1.901368023027316667e-07
-1.789750427860781201e-07
1.499605701837936067e-07
-2.117653430389054847e-08
2.374999610310624121e-07
1.122648640716761292e-09
3.980580345341877546e-07
-2.207423506206396269e-07
-2.423674949625365116e-08
-4.633375283447094262e-07
8.162261337929521687e-07
6.675968933222975465e-08
-4.071866328558826353e-07
-2.533678298277663998e-07
-5.201040949032176286e-07
2.945583865709977545e-08
-3.777833796902996255e-07
-5.402505962592840660e-07
-1.489203356186408200e-07
-6.512404837621943443e-08
-1.437495313894032734e-07
-3.598394471282517770e-07
-1.371770110836223466e-07
-5.941850531598902307e-07
4.986455905964248814e-07
7.950495728437090293e-07
-3.326683781779138371e-07
3.808407882388564758e-07
3.273261768299562391e-07
-4.919361629163176985e-08
-1.152348758637344872e-07
-2.634398015288752504e-07
-2.207068128257105855e-08
-1.684261263790176599e-07
-6.901884574972427799e-08
-1.834131353461998515e-07
-2.221189561169012450e-07
4.778710263053653762e-07
2.784814228107279632e-07
-8.691247188608031138e-08
1.306150494428948150e-07
-1.357239209909266719e-08
1.953672494892089162e-07
2.887072980684024515e-07
1.127240167875243060e-08
3.796141356815496692e-07
-4.565820859170344193e-07
1.844908013026724802e-07
2.379947545705363154e-07
-4.237967345943616237e-07
-3.320923269711784087e-07
5.948537591393687762e-07
1.261567490473680664e-07
1.391208286349865375e-07
3.296496231541823363e-08
-2.176795703690004302e-07
-9.716703885942479246e-09
-1.710103418872677139e-07
-2.157255352130960091e-07
4.363776895388582489e-07
1.323060843105849926e-07
-2.586051834896352375e-07
3.934258074878016487e-08
-3.995116628630057676e-07
1.661002357877805480e-07
-2.772512459614517866e-07
-2.091547770532997674e-07
3.636235419435251970e-07
4.095647341273433995e-07
5.724407401430653408e-07
2.406989665360015351e-07
2.777266274733847240e-07
8.723820315026387107e-07
4.907210637838943512e-08
-5.163133565133648517e-08
4.027569033837608004e-08
-5.161463718650338706e-07
6.900859261804725975e-08
3.305761993033229373e-07
-4.024579425276897382e-08
4.873637635682825930e-07
1.758472834012536623e-08
1.616825784367392771e-07
2.556413924992284592e-08
-3.948139237763825804e-07
-2.345786356272583362e-07
-3.833066273273288971e-07
-7.013424578872218262e-07
-1.643518174887503847e-07
-1.055271283689762640e-07
1.982150763524259673e-07
-1.336946553465168108e-07
5.065556933914194815e-07
-6.224314574865275063e-07
-5.758793122367933393e-07
3.623202928793034516e-07
5.743212909692374524e-07
-3.329901119286660105e-07
-1.311299229200812988e-07
-9.298889267483900767e-07
-1.247940701887273462e-07
-1.663783564254117664e-07
4.840703695663250983e-07
-3.907383074874815065e-07
-5.290575586514023598e-07
2.425452123588911491e-07
2.517478208119428018e-07
1.723588809454668080e-07
-4.111361420200410066e-07
-4.681471210687959683e-08
-1.065771897401646129e-07
7.657551464035350364e-07
-2.823509532845491776e-07
-3.468998386324528838e-07
-5.353920755624130834e-07
-5.854189453202707227e-07
-9.354414487461326644e-07
3.540138777680112980e-07
-4.303892353618721245e-07
-4.164325275723967934e-07
-7.760763054420749540e-08
8.138619023156934418e-08
4.215948834485061525e-08
3.617871584538079333e-07
6.084565029595978558e-08
-3.295034289862996957e-08
-7.538240254234551685e-08
-1.151232353890918603e-07
6.474439118164809770e-08
-4.434279787801642669e-07
6.335286002467910293e-07
2.161884395945889992e-07
-2.250280317639408167e-07
5.408251695371291135e-07
1.261977189415119938e-07
-6.966615728742908686e-07
-4.554931081202084897e-07
2.750761218806019315e-08
-5.064085826234077103e-07
1.332458623437560163e-07
-7.599948048664373346e-08
-4.889028559773578309e-07
-4.399704209845367586e-07
-3.364268081895716023e-07
5.535203584372538899e-08
-4.211280213439749787e-07
6.232662030924984720e-08
-4.513301021802362811e-08
5.445197075459873304e-07
3.594156794406444533e-07
-5.020806952416023705e-07
-3.283267346887441818e-07
1.727981868704375756e-09
-2.067111921633113525e-07
5.470357677950232755e-07
-2.509220564661518438e-07
-4.048360722208599327e-07
1.196625873944867635e-07
-1.590593434741549572e-08
-3.554469003574922681e-07
-6.090607485020882450e-07
6.476749945250048768e-07
3.933468235572945559e-07
-2.162836238994714222e-07
1.122797570474176609e-07
-1.406269376502677915e-07
2.483982797230055439e-09
4.401522346597630531e-07
-2.692481473332009045e-07
-1.433947005580193945e-07
1.128202384848009387e-07
-2.345095566624877392e-07
-4.679985465827485314e-08
4.026294391223927960e-07
-2.964328302823560080e-07
8.107708993065898539e-08
-5.918171837038244121e-07
2.405454324616584927e-07
-2.763741520084295189e-07
1.442896433445639559e-07
5.130024192112614401e-07
-3.879860059896600433e-07
-3.018604743942887580e-08
2.023046903332215152e-07
4.744418049540399807e-07
3.301049673609668389e-07
1.249355534582718974e-07
-5.473652464615952340e-08
7.214609354377898853e-08
-1.419419817239031545e-07
4.250195786426047562e-07
-1.268334557380512706e-07
-6.483446099991851952e-07
8.551197083761508111e-07
-1.763417145639323280e-07
1.843820029989728937e-07
8.729642786420299672e-08
2.316951821512702736e-07
2.786573531921021640e-07
-7.534051178481604438e-07
1.111433505229797447e-07
8.058738103500218131e-07
4.118304630651437037e-08
1.596376222323669936e-07
-1.040372126226429828e-07
5.974672490083321463e-07
3.561849268862715689e-07
-4.030690092804434244e-07
1.248554042376781581e-07
4.673483999795280397e-07
2.194891095541606774e-07
-3.669262005345785838e-09
-3.855401757846266264e-07
-1.815675716443365673e-07
-2.755193406756006880e-07
6.194688353389210533e-07
-2.277772779279985116e-07
-1.531299460566515336e-07
2.045996154720342020e-07
3.441926992309163325e-07
-8.754321356718719471e-08
-2.019728526647668332e-07
1.401095346409420017e-07
1.455260019156412454e-07
6.152736773401557002e-07
8.512461704412999097e-07
-2.230029707561698160e-07
2.114700095035004779e-07
7.848490923834106070e-08
8.551797918698866852e-07
-3.416081995055719744e-07
-5.118513399793300778e-07
-7.499463094973179977e-08
2.847756945811852347e-07
-6.036238175965991104e-08
-2.108511125697987154e-07
-7.344735308834060561e-07
2.366773514950182289e-07
2.406221994988300139e-07
9.922128185735346051e-08
-9.141255929989711149e-08
-3.457735715528542642e-07
8.363265351363224909e-07
-3.859944683881622041e-07
-9.888863132800906897e-07
1.600180610239476664e-07
-6.271750407904619351e-07
-1.514734435659192968e-07
-1.130845319607942656e-07
4.588874560340627795e-07
-2.028856869173978339e-07
8.512947857752806158e-08
-7.859705419832607731e-08
1.535382381234740024e-07
4.289362038889521500e-07
6.498780891206479282e-08
-3.042809169073734665e-07
-1.898556689639008255e-07
-5.211596203480439726e-07
-4.065688585797033738e-07
-9.390860311597748478e-10
-1.957613164904614678e-07
-1.716377653337985976e-07
-2.297676644502644194e-07
5.463870706989837345e-07
-2.203463651540005230e-07
7.608674081893695984e-07
2.543416428579803323e-07
8.069541195254714694e-07
-2.094186015710874926e-07
-1.183056497211509850e-07
4.838929612560605165e-07
-3.903195633370160067e-08
-1.186195177638182940e-07
6.426282084248668980e-08
4.602700087730227096e-08
-7.277155873453011736e-07
-2.823894647008273751e-07
-6.898884521433501504e-07
3.489893174446478952e-07
7.382768103525449988e-07
3.964130712574842619e-08
-2.248435890805922099e-07
2.270789281055840547e-07
-4.047021775477332994e-07
3.186589481174451066e-07
-5.843825192641816102e-07
3.833098105587851023e-07
2.899630828778754221e-07
1.838729168923691759e-08
4.292619166790245799e-07
8.982844690308411373e-08
-5.852255640093062539e-07
3.574953950646886369e-07
2.305888102682729368e-07
2.676563681802690553e-08
5.828096050208841916e-07
8.115959815313544823e-08
4.878505706074065529e-07
-1.546575134625527426e-07
-4.429984130638331408e-07
-9.887037855094149563e-09
-4.128298769501270726e-07
-6.761838449165225029e-07
-4.928291446049115621e-07
-1.231853161698381882e-07
-1.591426865843459382e-07
3.597577631353487959e-07
2.056709575981585658e-07
-2.796709850372280926e-07
-3.450217889167106478e-07
6.257320706026803236e-07
4.590915807511919411e-07
4.704321554527268745e-07
-1.115915040372783551e-07
-2.208072125142734876e-08
-5.713822588404582348e-07
5.549935053750232328e-07
3.255213982811255846e-07
1.176797184143651975e-07
3.519637346016679658e-07
9.021879066040128237e-08
3.548735776348621584e-07
-3.792215750308969291e-07
-2.719286555930011673e-07
8.614387638772313949e-07
-1.867095562602116843e-07
4.828410737900412641e-07
1.171960775536717847e-06
-2.770937328477884876e-07
8.724754962941005942e-08
4.585176895943732234e-07
-9.130516076538697234e-08
2.503707605683302972e-07
-3.434312816352758091e-07
3.947045286167849554e-07
8.501086767864762805e-07
2.237305274377376918e-08
4.442578926955320640e-07
6.781213528483931441e-07
-2.646100085712532746e-07
7.477585768356220797e-07
1.319648958997277077e-07
-1.946752377079974394e-07
-6.347701742015487980e-07
-5.222824484008015133e-08
3.781603368224750739e-07
-2.003574479658709606e-07
9.585286306901252829e-07
-2.954514002340147272e-07
5.061862111688242294e-07
-2.844865605311497347e-07
3.645413926278706640e-07
2.692188729724875884e-07
-2.561755536589771509e-07
-1.201603367917414289e-06
4.442504746293707285e-07
5.761298638162770658e-08
-7.009857938555796864e-08
-4.107968720745702740e-07
2.420167106720327865e-07
5.332539672053826507e-07
-4.758377372127142735e-07
-4.590024502704181941e-07
1.894005947633559117e-07
4.504967137108906172e-07
1.831171658750463394e-07
2.193610448841809557e-08
-4.674647868796455441e-07
6.134081900199817028e-07
1.861325529262103373e-07
2.366210196669271681e-07
1.565636011946480721e-07
5.529303734874702059e-07
4.234057104923749648e-09
3.889731203798874049e-07
3.645845083610765869e-07
-6.717217360119320801e-08
8.040201393555435061e-09
3.491181814752053469e-07
-5.437921686279878486e-07
-3.178409713200380793e-07
8.875937851371418219e-08
-1.360348704793068464e-07
4.075158415162150050e-07
3.965296286878583487e-07
-5.040795940658426844e-07
-1.588690707876594388e-07
3.628670697253255639e-07
-1.258073183407759643e-07
2.068219551176753157e-08
-6.221445687515370082e-07
-7.360923177657241467e-07
4.961380284385086270e-08
5.869707138117519207e-07
-2.454716536703926977e-07
-6.153687195364909712e-07
2.270612071697541978e-07
-1.447407527166433283e-07
-1.755363854272218305e-07
-3.773452874611393781e-07
4.264516917373839533e-08
1.179972599629763863e-07
-1.149150989476765972e-06
6.788770861021475866e-07
1.311361863542970241e-08
-1.934103011080878787e-07
1.109230325369026104e-07
3.862544986077409703e-07
6.094673921097637503e-08
-3.960927585922036087e-07
4.561047148854413535e-07
6.817070641318423441e-08
-5.227250881034706254e-07
-2.447359861434961203e-07
-1.971735912320582429e-07
-5.069124995316087734e-07
-1.406497887046498363e-07
6.711278643933837884e-08
2.059029355905295233e-07
4.662244634801027132e-08
7.362226028817531187e-08
-7.019316683454235317e-08
-3.021261534286168171e-07
1.375205869180717855e-07
2.298970400715916185e-07
5.491185461892200692e-08
-8.320960587226977623e-10
-2.191994354916459997e-07
1.230004755825575558e-07
-1.561566875807329779e-07
-6.711769628964248113e-07
-1.476856397175652091e-07
2.974557844481751090e-07
-2.169694290898860345e-08
-2.859981407254963415e-07
-2.672835535122430883e-07
7.663072665309300646e-07
2.110913612796139205e-07
-4.091777157100295881e-07
-1.281352552950920654e-07
-2.737720024015288800e-07
1.507073932316416176e-07
2.499554341284238035e-07
5.601028192359081004e-07
-2.231254683238148573e-07
1.205179671615042025e-07
6.714026312693022192e-07
2.668375884695706191e-07
1.581758510837971698e-07
1.532733335807279218e-07
5.952391646246724122e-08
1.779553060465843828e-09
-6.924989293111138977e-07
4.301245439819467720e-07
4.247364131515496410e-07
4.934663024869223591e-07
-5.538127112458823831e-08
8.616682123374630464e-08
2.395351543782453518e-07
1.264136386680547730e-07
-3.633005576375580858e-07
-1.137587901212100405e-06
-2.649775296958978288e-07
4.528086492427974008e-07
1.072056363682349911e-07
1.435346632661094191e-07
-2.971509260873972380e-08
2.217402226278863964e-07
4.017857975213701138e-07
1.142897303907375317e-06
-1.315063116180681391e-07
-4.397195141336851520e-08
-5.047965032645151950e-07
-2.137096259957615985e-07
4.117491059218991722e-08
-1.765951367360685254e-07
-7.732330686849309132e-08
3.719619598996359855e-07
1.338063242428688682e-07
-1.629345121045844280e-07
7.166129734059722978e-08
-7.271698336808185559e-07
3.544697051438561175e-07
3.000949391207541339e-07
-5.068441168987192214e-07
4.889170099886541720e-07
3.989269998783129267e-07
1.823248965138191124e-07
-1.354934795472217957e-07
2.213192686895126826e-07
-2.880360057133657392e-07
3.398401133836159715e-07
1.250015202458598651e-07
-7.668393209314672276e-08
-1.477474143030121922e-07
1.751874378896900453e-07
9.359372370454366319e-07
-2.799259561925282469e-07
-4.309663950152753387e-07
-4.740822419080359396e-07
3.015454126398253720e-07
5.701154464077262674e-07
6.599731818823784124e-07
7.361837361941070412e-08
-2.584268372629594523e-07
-3.670685941870033275e-07
-3.345465700022032252e-07
2.743569780250254553e-07
8.884564550726281595e-08
2.389477344877377618e-07
-5.164258709555724636e-07
6.002860430953660398e-08
-6.629076665376487654e-07
1.317804105838149553e-07
-4.149520904661585519e-08
-2.347681231640308397e-07
-3.873788045893888921e-07
-2.716489255760734522e-08
-1.182720197334674594e-07
-5.035907975070585962e-07
-6.276533781601756345e-07
-7.769183696382242488e-08
-1.373972651208532625e-07
1.670036056111712242e-07
2.718247742450330406e-07
1.680269718917770660e-07
-3.597467355120897992e-07
4.705514129454968497e-07
3.900451019944739528e-07
-2.832637733263254631e-07
-2.701584094211284537e-07
-7.223246711873798631e-07
1.168732410405937117e-06
4.609760537732654484e-07
-2.111623587097710697e-07
-2.527414153519202955e-07
3.632100060713128187e-07
-7.117098732578597264e-08
1.492653609602712095e-07
-1.383500034535245504e-06
-2.895265538427338470e-07
-3.879577263887767913e-07
8.078641400288688601e-08
-5.295694904816627968e-08
-5.162707452655013185e-07
-7.363471166144108793e-09
1.021238631437881850e-06
-3.120415783541830024e-07
3.415500202663679374e-07
1.982198583050376328e-08
-4.771671342496119905e-07
-1.469188930514064850e-07
-3.410773956602497492e-07
4.312488499635946937e-07
1.845653230247989995e-07
-3.607760561408213107e-07
-3.098506908827403095e-07
-8.686236014909809455e-07
-6.217319992174452636e-07
-1.178468451712433307e-07
4.187132560673489934e-07
-1.835808092209845199e-07
-1.223235113201326385e-08
-2.457964569657633547e-07
-2.526541891256783856e-07
-1.195024790234811007e-08
2.799815490561741171e-07
-7.802130994605249725e-07
5.903550572838867083e-07
4.322209292695333716e-07
-4.072277803857105027e-08
7.069542107274173759e-08
1.751292870721954387e-07
-3.062269229303637985e-07
2.455859657857217826e-07
7.222186582112044562e-07
4.601081400323892012e-07
-6.102119414208573289e-07
1.401994182970156544e-07
9.654951327320304699e-07
3.723682766576530412e-07
1.158732221284708430e-08
-2.247733590365896816e-07
7.393420276002871105e-08
-3.349196049384772778e-07
-1.906959141706465743e-07
8.413796308559540194e-07
8.031251752527168719e-08
-8.970291531795737683e-08
-2.513340469079139439e-08
-2.830709320278401719e-07
1.802417557428270811e-07
1.024016285100515233e-07
4.644413564847127418e-08
-2.561121732469473500e-07
9.194700112402642844e-08
1.822134834128519287e-07
4.691044068749761209e-07
-5.322811489349987824e-07
-3.819839946572756162e-07
3.311040472908644006e-07
-5.300577186062582768e-07
4.944482157043239567e-08
-2.444063227358128643e-07
-8.393182326926762471e-08
2.090849626767976588e-08
1.633604682638178929e-07
-3.008696012329892255e-07
3.300348225820926018e-07
-5.066141284260083921e-07
-2.728174877120181918e-07
7.057912032593094409e-09
-4.157622868206090061e-07
3.526781142682011705e-07
4.946016360918292776e-07
-2.944424579709448153e-07
2.927489504145341925e-07
-1.886587028820940759e-07
2.824162095294013852e-07
2.410199897440179484e-07
2.967678724985489680e-08
2.066691280333543546e-07
2.685205799934919924e-07
2.089514055114705116e-07
-2.653614501468837261e-07
-2.323517804825314670e-07
-3.998859483544947580e-07
-1.263521198779926635e-07
-3.062063740344456164e-07
8.900452996840613196e-08
3.200756566457130248e-07
-3.966410702105349628e-07
-7.206978835938571137e-08
1.932688888928169035e-07
-3.462174191781741683e-08
4.075058939179143636e-07
-6.486158099505701102e-08
4.717996091585519025e-07
-5.491774146548777935e-08
2.513911390167322679e-08
4.556170836167439120e-07
-4.085802061126742046e-07
5.138668939252966084e-07
3.934378511871727824e-08
-1.234258917293118429e-07
1.707957011376493028e-07
-4.084916724877984961e-07
4.092529426458213493e-09
8.208231605522087193e-08
-4.980333301318751182e-07
3.770379635170684196e-07
-8.926770078687695786e-08
-4.599177430009149248e-07
1.046260109660579474e-07
4.767125005855632480e-08
4.839983489546284545e-07
-4.084440519136478542e-08
-6.674299015685392078e-07
4.435633229604718508e-07
2.397061678038880927e-07
3.732164799430393032e-09
-1.238683751125790877e-07
-2.958654192752874224e-07
3.803591539508488495e-07
-4.315080559535999782e-07
8.298281954921549186e-07
-2.532747487293818267e-07
8.703575815616204636e-08
2.824338309892482357e-07
-1.941219096579516190e-07
2.670741707788693020e-07
-8.520439109815924894e-07
3.303732967196992831e-07
4.741564794130681548e-07
-1.895201222623654758e-07
-5.187245619708846789e-07
2.085639891902246745e-07
5.413302801571262535e-07
-6.332544444376253523e-07
-9.103089837481093127e-09
1.636034596685931319e-07
-8.696676445651974063e-08
6.310866069725307170e-07
2.173182735987211345e-07
-2.991051530898403144e-07
-3.808315511832915945e-07
-1.001844864845224947e-07
5.792138608740060590e-07
-2.170761632669382379e-07
-2.141725872206734493e-07
-7.973882532041898230e-08
1.281913419859392889e-08
2.944426853446202585e-07
-4.987485340279818047e-07
-3.349567379018481006e-08
-6.222306581094017019e-08
-1.340510351610646467e-07
-4.833103162127372343e-07
6.708912110298115294e-07
-3.953275395929267688e-08
3.626006446211249568e-07
-1.653148871127996244e-07
