5.788151025772094727e-01
5.068457126617431641e-01
-6.822644472122192383e-01
-9.167321324348449707e-01
-9.700921773910522461e-01
-4.626053571701049805e-01
-6.368198990821838379e-01
-2.634210288524627686e-01
4.230718594044446945e-03
-2.505454421043395996e-01
1.361277848482131958e-01
5.968547239899635315e-02
-3.510804176330566406e-01
6.821965575218200684e-01
-3.207399249076843262e-01
-7.958735227584838867e-01
-5.232635736465454102e-01
-3.037810623645782471e-01
-4.733318090438842773e-01
1.827470362186431885e-01
-3.164785504341125488e-01
-6.939571499824523926e-01
-9.032856225967407227e-01
-1.560164541006088257e-01
1.707786172628402710e-01
-3.875807225704193115e-01
-8.487515449523925781e-01
-6.532894968986511230e-01
3.316581547260284424e-01
-5.284617543220520020e-01
-1.230652853846549988e-01
-7.411610484123229980e-01
-4.204222857952117920e-01
-2.107264101505279541e-01
7.378341257572174072e-02
-5.930672883987426758e-01
-8.776463866233825684e-01
-3.876510858535766602e-01
-1.026282668113708496e+00
-6.124680638313293457e-01
-5.158947110176086426e-01
-6.715590953826904297e-01
-4.788282215595245361e-01
-1.309708356857299805e-01
-8.851864933967590332e-01
-6.615689396858215332e-01
-2.818206846714019775e-01
-2.773801088333129883e-01
4.081133306026458740e-01
-2.162002027034759521e-01
-3.967183828353881836e-01
-6.326591968536376953e-01
4.063330590724945068e-01
-4.229145944118499756e-01
-2.689220905303955078e-01
-6.781906485557556152e-01
-2.908495664596557617e-01
-4.716325402259826660e-01
4.494488537311553955e-01
-7.732923030853271484e-01
6.595017760992050171e-02
-1.662968844175338745e-01
6.985968947410583496e-01
-9.101439714431762695e-01
-7.517113089561462402e-01
-5.685027241706848145e-01
-7.007766962051391602e-01
-1.873782873153686523e-01
-4.397588968276977539e-02
2.630098760128021240e-01
-5.236992835998535156e-01
7.210961580276489258e-01
2.568593323230743408e-01
-1.035870164632797241e-01
-6.850258111953735352e-01
-7.464275360107421875e-01
-7.802596092224121094e-01
-7.439141869544982910e-01
-3.564090430736541748e-01
-3.481546044349670410e-01
-6.191337108612060547e-01
-7.049992680549621582e-01
-1.637014001607894897e-01
-3.099802881479263306e-02
-7.978398203849792480e-01
-4.772498905658721924e-01
-9.941466897726058960e-02
-4.366001188755035400e-01
-2.491566687822341919e-01
-1.894506365060806274e-01
7.277497053146362305e-01
6.689953804016113281e-01
-8.465342223644256592e-03
-4.207232594490051270e-01
2.150464802980422974e-01
6.596747636795043945e-01
-9.270743131637573242e-01
-9.604856967926025391e-01
-4.963576495647430420e-01
-4.003757536411285400e-01
4.150659963488578796e-02
-7.311770915985107422e-01
-3.056239150464534760e-02
-8.777015209197998047e-01
5.018527507781982422e-01
-1.083730459213256836e+00
-3.739081621170043945e-01
-1.416608691215515137e-01
-1.603165715932846069e-01
-8.129782080650329590e-01
-2.282698601484298706e-01
-3.125845789909362793e-01
-3.387834429740905762e-01
-5.955945253372192383e-01
-1.351394355297088623e-01
6.678019464015960693e-02
4.713570773601531982e-01
-8.363339304924011230e-02
1.514263004064559937e-01
-4.378350973129272461e-01
3.337806463241577148e-02
-7.032870650291442871e-01
-4.753693342208862305e-01
-1.434107422828674316e-01
-3.792893290519714355e-01
-4.703490436077117920e-01
-7.004290223121643066e-01
-6.547717452049255371e-01
