-7.104694843292236328e-01
-3.308647155761718750e+00
-1.666206002235412598e+00
-3.418602705001831055e+00
8.213725090026855469e-01
1.868338696658611298e-02
3.759024858474731445e+00
5.931974411010742188e+00
-2.640750408172607422e+00
8.116702437400817871e-01
-4.345262050628662109e+00
3.287531733512878418e-01
-2.001818895339965820e+00
-1.076533079147338867e+00
6.894474625587463379e-01
-1.481966972351074219e-01
-2.502806901931762695e+00
-3.250946521759033203e+00
4.878960609436035156e+00
1.543344736099243164e+00
2.180743962526321411e-01
-4.326465129852294922e+00
5.045809745788574219e-01
1.746518254280090332e+00
2.359616279602050781e+00
-3.930526018142700195e+00
6.048521995544433594e+00
-3.047900199890136719e+00
1.889692664146423340e+00
4.795260429382324219e+00
1.077908873558044434e+00
2.028953552246093750e+00
5.770955681800842285e-01
-4.076976299285888672e+00
-4.134120941162109375e+00
-2.215387821197509766e+00
-2.426927566528320312e+00
-2.422262430191040039e+00
-9.951189160346984863e-01
1.410880208015441895e+00
2.609979867935180664e+00
-2.898954868316650391e+00
3.762414932250976562e+00
2.047657012939453125e+00
3.771983623504638672e+00
5.391241312026977539e-01
-2.430236101150512695e+00
-2.329506397247314453e+00
8.332404494285583496e-01
2.430272102355957031e+00
2.497493982315063477e+00
2.472218275070190430e+00
-3.192288398742675781e+00
1.274876147508621216e-01
-5.586745738983154297e-01
-4.595616161823272705e-01
3.680734395980834961e+00
9.595183730125427246e-01
-1.551456093788146973e+00
2.643210887908935547e+00
7.375117540359497070e-01
-1.028985977172851562e+00
2.548165559768676758e+00
5.889495611190795898e-01
-2.106779575347900391e+00
4.602427005767822266e+00
3.109181880950927734e+00
-1.570150375366210938e+00
-3.338636636734008789e+00
3.846245527267456055e+00
4.770677566528320312e+00
2.978852033615112305e+00
-2.764156579971313477e+00
-7.228415012359619141e-01
1.551091194152832031e+00
-3.344638347625732422e+00
1.011545583605766296e-01
-2.934437751770019531e+00
4.083817005157470703e+00
1.682537078857421875e+00
1.074271202087402344e+00
-3.468901634216308594e+00
-3.204804286360740662e-02
3.660628557205200195e+00
2.374553442001342773e+00
-2.920841693878173828e+00
3.071532011032104492e+00
3.686584949493408203e+00
2.353721618652343750e+00
5.089425563812255859e+00
-2.580687999725341797e+00
-1.423590898513793945e+00
4.567350447177886963e-01
-3.434686660766601562e-01
-2.352614879608154297e+00
1.870798468589782715e+00
-1.113294243812561035e+00
7.900218367576599121e-01
7.629060268402099609e+00
-2.188602685928344727e+00
-3.130961656570434570e+00
-4.113228321075439453e+00
-3.278465032577514648e+00
4.165638446807861328e+00
4.119418263435363770e-01
-9.666943550109863281e-01
-5.274099826812744141e+00
4.567184746265411377e-01
-4.516797065734863281e+00
-5.695209980010986328e+00
-2.873202085494995117e+00
2.721278667449951172e+00
-2.783831596374511719e+00
3.494127273559570312e+00
6.771491169929504395e-01
-2.022835254669189453e+00
-3.325948238372802734e+00
1.774094440042972565e-02
4.127271652221679688e+00
-3.443981647491455078e+00
-3.658376336097717285e-01
1.265140026807785034e-01
3.157544136047363281e+00
-9.156569838523864746e-01
5.353800654411315918e-01
-2.325122117996215820e+00
2.962078094482421875e+00
-3.073680400848388672e+00
-1.121339574456214905e-02
2.279548168182373047e+00
4.598575115203857422e+00
8.139429688453674316e-01
1.670875430107116699e+00
2.532249450683593750e+00
9.387683272361755371e-01
5.414957523345947266e+00
6.430993080139160156e+00
-3.269607543945312500e+00
8.316806554794311523e-01
-1.939312219619750977e+00
-1.910740971565246582e+00
1.860737442970275879e+00
-1.384928464889526367e+00
-3.308995962142944336e-01
-4.748491287231445312e+00
-4.120789527893066406e+00
-9.363669157028198242e-01
-1.130268052220344543e-01
-1.431396365165710449e+00
3.144274711608886719e+00
2.305446386337280273e+00
8.145554542541503906e+00
1.581500321626663208e-01
4.411144256591796875e+00
2.451476335525512695e+00
1.092320680618286133e+00
7.914040088653564453e+00
3.495398283004760742e+00
-3.274376392364501953e+00
-3.415250301361083984e+00
-1.654161810874938965e+00
-1.868683815002441406e+00
2.864247560501098633e+00
1.470532655715942383e+00
7.354602962732315063e-02
-6.093201637268066406e-01
-3.180497884750366211e+00
-4.171464920043945312e+00
6.783566474914550781e+00
1.228514760732650757e-01
6.457062244415283203e+00
-5.591881871223449707e-01
4.807474613189697266e+00
-4.360743999481201172e+00
-2.441380739212036133e+00
-2.219700098037719727e+00
1.046627402305603027e+00
-1.096760988235473633e+00
2.660002231597900391e+00
-1.945028066635131836e+00
2.783938884735107422e+00
1.868591308593750000e+00
8.547481298446655273e-01
5.184889316558837891e+00
4.082010686397552490e-01
-1.933297395706176758e+00
-1.479155540466308594e+00
-3.966701626777648926e-01
2.271714687347412109e+00
-2.056863784790039062e+00
-6.634897589683532715e-01
-4.940156459808349609e+00
9.945256114006042480e-01
1.262969851493835449e+00
3.587941169738769531e+00
7.250146389007568359e+00
1.807144843041896820e-02
-1.764243602752685547e+00
-2.992645204067230225e-01
2.432500123977661133e+00
-7.173856496810913086e-01
-4.186637878417968750e+00
3.254013881087303162e-02
-2.031989336013793945e+00
1.983495712280273438e+00
-2.371476888656616211e+00
-1.450298309326171875e+00
-7.550553083419799805e-01
-2.287866592407226562e+00
8.985683321952819824e-01
2.392458438873291016e+00
1.261350631713867188e+00
4.114554405212402344e+00
2.032875567674636841e-01
2.892513275146484375e+00
-1.412539601325988770e+00
2.641479492187500000e+00
8.689498305320739746e-01
3.106801033020019531e+00
3.992144346237182617e+00
-6.273484230041503906e-01
1.853413432836532593e-01
-3.391549110412597656e+00
4.480765819549560547e+00
-4.937829494476318359e+00
-1.295592784881591797e-01
7.000925540924072266e-01
-1.619345098733901978e-01
-5.738650560379028320e-01
-8.029589653015136719e-01
-7.018582344055175781e+00
4.769500255584716797e+00
2.133804559707641602e+00
-2.456342935562133789e+00
3.345135927200317383e+00
-2.681645393371582031e+00
7.016459465026855469e+00
-3.332136392593383789e+00
4.439471721649169922e+00
-1.306330680847167969e+00
2.749458074569702148e+00
2.058482408523559570e+00
-4.024790763854980469e+00
-1.654994189739227295e-01
-2.797900233417749405e-03
2.053508996963500977e+00
-1.319675445556640625e-01
-5.552607536315917969e+00
2.103399276733398438e+00
-3.120341539382934570e+00
6.613471508026123047e+00
-3.938475847244262695e+00
8.188381195068359375e-01
-3.630499839782714844e+00
-3.954510927200317383e+00
-2.927945256233215332e-01
7.163540840148925781e+00
-3.089735269546508789e+00
-2.605267047882080078e+00
2.661817073822021484e+00
1.421260118484497070e+00
1.648108243942260742e+00
-1.157433390617370605e+00
6.216013431549072266e+00
-2.422562122344970703e+00
4.068115711212158203e+00
-5.539257049560546875e+00
6.163421869277954102e-01
1.967085003852844238e+00
3.508813381195068359e+00
5.067862510681152344e+00
-3.008953809738159180e+00
2.007688999176025391e+00
1.064228653907775879e+00
-1.194287061691284180e+00
1.821411371231079102e+00
-2.026999473571777344e+00
-2.404103517532348633e+00
1.077417850494384766e+00
-3.709751129150390625e+00
4.387753009796142578e-01
3.107281684875488281e+00
-2.105817556381225586e+00
1.455134391784667969e+00
-2.304666757583618164e+00
-6.410589814186096191e-01
9.800348877906799316e-01
2.138752698898315430e+00
4.239371716976165771e-01
-3.445724964141845703e+00
2.904533147811889648e+00
2.973598957061767578e+00
2.950526952743530273e+00
2.547855854034423828e+00
-4.308844089508056641e+00
3.355002403259277344e+00
-1.633112907409667969e+00
1.129570960998535156e+00
2.194214105606079102e+00
3.074038028717041016e+00
-6.467102050781250000e+00
2.495951652526855469e+00
6.653529405593872070e-01
-4.372400283813476562e+00
-1.265326261520385742e+00
-3.624857068061828613e-01
2.815248966217041016e+00
9.937891960144042969e-01
1.070708751678466797e+00
-2.611858367919921875e+00
-1.864691853523254395e+00
3.592438101768493652e-01
4.050095081329345703e+00
-3.306313753128051758e+00
3.348202228546142578e+00
3.679782629013061523e+00
-6.606760621070861816e-01
-1.979821681976318359e+00
-2.476640224456787109e+00
-4.139030933380126953e+00
4.013522624969482422e+00
1.206542134284973145e+00
3.022295951843261719e+00
2.617335557937622070e+00
-3.945171833038330078e+00
3.930425405502319336e+00
7.828874588012695312e-01
-5.391340255737304688e+00
-2.401642322540283203e+00
-2.333548367023468018e-01
-4.665169239044189453e+00
-6.760391592979431152e-01
-5.733603477478027344e+00
-8.627463132143020630e-02
1.309651732444763184e+00
-2.591594934463500977e+00
-3.403722286224365234e+00
8.805435895919799805e-01
1.118784070014953613e+00
-2.841920137405395508e+00
4.848397254943847656e+00
-1.304057598114013672e+00
2.642405986785888672e+00
-5.538694858551025391e+00
5.078479766845703125e+00
3.043398857116699219e+00
-1.421433568000793457e+00
-4.474370956420898438e+00
4.333666801452636719e+00
1.804789781570434570e+00
-7.306227684020996094e-01
-1.620507240295410156e+00
2.065770149230957031e+00
-1.035571575164794922e+00
1.924086213111877441e+00
-3.338824987411499023e+00
-3.226025342941284180e+00
-7.001551151275634766e+00
4.073724746704101562e-01
-1.742251753807067871e+00
-7.305120229721069336e-01
7.498501539230346680e-01
4.167729854583740234e+00
8.180442452430725098e-01
3.214887142181396484e+00
-1.368507504463195801e+00
-8.426007628440856934e-01
2.042806148529052734e+00
-1.328305125236511230e+00
-6.133308410644531250e+00
5.040436387062072754e-01
-1.794663429260253906e+00
-4.289762496948242188e+00
1.361991316080093384e-01
-3.262066125869750977e+00
2.299540758132934570e+00
3.577755212783813477e+00
-1.297291159629821777e+00
-5.913760185241699219e+00
-2.115666866302490234e-02
1.805303573608398438e+00
2.294399499893188477e+00
-4.080806076526641846e-01
-2.804543077945709229e-01
-2.299096345901489258e+00
-4.425337314605712891e-01
-7.591508626937866211e-01
-6.681746840476989746e-01
-1.369177252054214478e-01
-3.252874612808227539e+00
3.519464015960693359e+00
-8.655123114585876465e-01
1.563732743263244629e+00
1.878558278083801270e+00
1.057816982269287109e+00
-1.193489909172058105e+00
5.521467685699462891e+00
-3.535014390945434570e+00
4.284881114959716797e+00
-1.958575725555419922e+00
-4.774944305419921875e+00
1.593842387199401855e+00
1.765726327896118164e+00
-9.348749518394470215e-01
5.922799110412597656e+00
4.334564805030822754e-01
-1.597048640251159668e+00
1.316417306661605835e-01
-1.034905672073364258e+00
-1.806678652763366699e+00
-4.153998851776123047e+00
-8.654847741127014160e-01
-3.180016517639160156e+00
3.283753156661987305e+00
4.908819198608398438e+00
3.973040580749511719e+00
5.708799958229064941e-01
-3.580230236053466797e+00
-1.511025190353393555e+00
4.780251502990722656e+00
9.057397246360778809e-01
-9.373885393142700195e-02
5.285826683044433594e+00
-3.937938451766967773e+00
-5.218939304351806641e+00
-1.982650160789489746e+00
-5.756352424621582031e+00
-3.543107211589813232e-01
8.322331905364990234e-01
-1.695332527160644531e+00
7.463884353637695312e-01
2.397099018096923828e+00
-4.403297901153564453e+00
-5.762888431549072266e+00
3.837896108627319336e+00
8.206799626350402832e-01
-4.072244167327880859e+00
3.959188699722290039e+00
-2.544864267110824585e-02
4.943115711212158203e+00
-3.052706003189086914e+00
3.251133680343627930e+00
4.880101084709167480e-01
-9.757845103740692139e-02
-6.388161182403564453e-01
-7.992760539054870605e-01
1.754756689071655273e+00
-5.247054100036621094e+00
2.503519535064697266e+00
1.714200973510742188e+00
-3.983834087848663330e-01
-2.367441415786743164e+00
1.992799639701843262e+00
-1.168490648269653320e+00
-5.676701068878173828e-01
1.029268264770507812e+00
-5.267370939254760742e-01
-2.109774351119995117e+00
3.230954170227050781e+00
7.760724425315856934e-01
2.806610584259033203e+00
-1.192265987396240234e+00
3.256239295005798340e-01
-2.997955560684204102e+00
3.075002193450927734e+00
-1.060400366783142090e+00
-1.155543208122253418e+00
1.927839636802673340e+00
2.568978786468505859e+00
-6.037732124328613281e+00
-1.708040833473205566e+00
4.977743625640869141e+00
-3.751777648925781250e+00
-3.611295938491821289e+00
2.245285987854003906e+00
4.064483642578125000e+00
-4.253213882446289062e+00
2.448518276214599609e+00
-1.274577617645263672e+00
-2.192989110946655273e+00
-4.726673126220703125e+00
-3.708278656005859375e+00
-1.014807105064392090e+00
3.007125854492187500e+00
-1.743905544281005859e+00
9.834849834442138672e-01
4.595345020294189453e+00
2.176139205694198608e-01
-5.026995658874511719e+00
6.720183491706848145e-01
1.598950028419494629e+00
-2.783586025238037109e+00
2.924074888229370117e+00
-2.888720631599426270e-01
3.339819431304931641e+00
1.429772973060607910e+00
-1.497987508773803711e+00
-1.930004119873046875e+00
1.216803669929504395e+00
-8.064800500869750977e-01
6.286945939064025879e-01
2.630352735519409180e+00
-1.570070505142211914e+00
-1.621285915374755859e+00
4.007759094238281250e+00
-4.711618423461914062e+00
-6.158018112182617188e+00
1.887120842933654785e+00
5.137994289398193359e+00
1.906435728073120117e+00
-1.447606921195983887e+00
-3.010168075561523438e+00
