-3.871917352080345154e-02
-4.032733663916587830e-02
2.108772657811641693e-02
1.961543038487434387e-02
3.188446909189224243e-02
5.354645196348428726e-03
-2.153845131397247314e-02
-3.852974995970726013e-02
-1.171533577144145966e-02
2.746479399502277374e-02
7.026783190667629242e-03
3.326351940631866455e-02
3.084333613514900208e-03
-6.461780518293380737e-03
-2.854846417903900146e-02
-2.278522029519081116e-02
-2.542833425104618073e-02
-3.160514310002326965e-02
-1.773165352642536163e-02
-2.062729187309741974e-02
-1.738731376826763153e-02
-2.264070883393287659e-02
-3.850483149290084839e-02
1.919172331690788269e-02
-3.145424649119377136e-02
1.357629522681236267e-02
1.727202557958662510e-03
2.292503789067268372e-02
3.134879469871520996e-02
3.718392923474311829e-02
3.303113207221031189e-02
2.366800606250762939e-02
-3.844588249921798706e-02
3.640148416161537170e-02
2.188162691891193390e-02
-1.283842697739601135e-02
-6.009549368172883987e-03
4.098615422844886780e-02
-3.100701980292797089e-02
-1.180764473974704742e-02
-1.144476514309644699e-02
-2.384888008236885071e-02
-1.423232350498437881e-02
2.033831179141998291e-02
-2.721461467444896698e-02
4.095028713345527649e-02
2.819911204278469086e-02
-2.706168452277779579e-03
-4.003911837935447693e-02
-1.378357596695423126e-02
2.326438389718532562e-02
3.323254734277725220e-02
-4.152489826083183289e-02
2.468077465891838074e-02
-3.669934719800949097e-02
-3.833208978176116943e-02
-2.121217176318168640e-02
-3.465756401419639587e-02
7.516852580010890961e-03
-6.856360123492777348e-04
-1.700586825609207153e-02
9.777694009244441986e-03
-1.664812490344047546e-02
3.212279453873634338e-02
-1.754844747483730316e-02
-3.345052152872085571e-02
-3.177229315042495728e-02
2.470022812485694885e-02
3.625893220305442810e-02
1.694179140031337738e-02
1.276225876063108444e-02
1.774292625486850739e-02
-3.456668183207511902e-02
4.133433476090431213e-02
3.873711079359054565e-02
3.984164819121360779e-02
3.500211238861083984e-02
-4.018873721361160278e-02
8.889495395123958588e-03
2.053751423954963684e-02
2.643057145178318024e-02
3.494237898848950863e-04
4.251923784613609314e-02
-4.093006998300552368e-02
-2.139169722795486450e-02
3.554978966712951660e-02
-2.789823710918426514e-02
-3.400246426463127136e-02
9.923491626977920532e-03
-3.086198307573795319e-02
9.659536182880401611e-03
-2.701532840728759766e-02
-2.686906978487968445e-02
1.015279442071914673e-02
4.902182146906852722e-03
2.191930823028087616e-02
-4.071855172514915466e-02
-2.358591184020042419e-02
8.379642851650714874e-03
8.190196007490158081e-03
2.909209765493869781e-02
4.033868387341499329e-02
-2.442447701469063759e-03
-3.910399228334426880e-02
3.143965080380439758e-02
1.897456590086221695e-03
-1.351667474955320358e-02
9.946474805474281311e-03
1.366338692605495453e-03
3.027130477130413055e-02
2.695129252970218658e-02
1.761049218475818634e-02
1.414818968623876572e-02
1.529141794890165329e-02
-3.201207518577575684e-02
-3.955030441284179688e-02
-5.896622780710458755e-03
2.224797382950782776e-02
3.439433127641677856e-02
6.279970984905958176e-03
9.333692491054534912e-03
1.911399699747562408e-02
3.352160379290580750e-02
2.162729762494564056e-02
-9.345062077045440674e-03
-2.319549908861517906e-03
9.319636970758438110e-03
4.764707759022712708e-03
3.815095499157905579e-02
3.770535066723823547e-02
1.279714051634073257e-02
2.396319806575775146e-02
-8.038091473281383514e-03
2.201523631811141968e-02
2.955451235175132751e-02
2.929415740072727203e-02
-2.787622809410095215e-02
-4.410258959978818893e-03
3.464395180344581604e-02
2.686125971376895905e-02
-2.914295904338359833e-02
1.553568150848150253e-02
-1.740468293428421021e-02
-1.780265942215919495e-02
4.011705890297889709e-02
-1.877367682754993439e-02
2.376773208379745483e-02
-8.185830898582935333e-03
-1.293227262794971466e-02
2.415084978565573692e-03
1.606286503374576569e-02
-2.801599912345409393e-02
2.578612230718135834e-02
4.099888727068901062e-02
9.668457321822643280e-03
-4.157915711402893066e-02
2.468095719814300537e-02
-2.603083848953247070e-03
3.331769257783889771e-02
-3.127123415470123291e-02
1.662788540124893188e-02
-3.192709758877754211e-02
3.395133092999458313e-02
-3.054592525586485863e-03
-1.506860426161438227e-04
9.299500845372676849e-03
1.053468324244022369e-02
4.352984204888343811e-02
-3.160231932997703552e-02
3.309430927038192749e-02
-4.964722320437431335e-03
-4.225886240601539612e-02
3.934172540903091431e-02
5.431406665593385696e-03
7.185605820268392563e-03
2.474575536325573921e-03
-3.643457591533660889e-02
-3.797371312975883484e-02
-2.079682983458042145e-02
-1.164472661912441254e-02
-9.414901142008602619e-04
-2.581436373293399811e-02
3.042377345263957977e-02
8.781534619629383087e-03
-4.752484150230884552e-03
1.057059783488512039e-02
4.151482135057449341e-02
-3.980486094951629639e-02
3.880970180034637451e-02
3.268399089574813843e-02
-3.479138761758804321e-02
-1.695865578949451447e-02
2.079948084428906441e-03
-1.004630886018276215e-02
3.996221348643302917e-03
-5.173374898731708527e-03
-7.109795231372117996e-03
3.783449903130531311e-02
5.920216906815767288e-03
-3.566889837384223938e-02
3.785885125398635864e-02
2.105917781591415405e-02
-7.575975265353918076e-03
-8.610279299318790436e-03
-3.035702928900718689e-02
1.330348663032054901e-02
4.454153124243021011e-03
-2.663501165807247162e-02
-3.187407553195953369e-02
-2.929045818746089935e-02
3.873637318611145020e-02
2.360317111015319824e-02
3.560074791312217712e-02
4.351649433374404907e-02
-2.366415597498416901e-02
2.675739675760269165e-02
2.505554258823394775e-02
2.499755285680294037e-02
1.080381404608488083e-02
-5.272040609270334244e-03
-3.398470580577850342e-02
-1.259270776063203812e-02
-3.968087583780288696e-02
6.353763397783041000e-03
1.536429161205887794e-03
2.624273300170898438e-02
-2.749956399202346802e-02
7.779023610055446625e-03
-3.914824873208999634e-02
3.066977486014366150e-02
-2.190947532653808594e-02
4.175483807921409607e-02
-4.310433578211814165e-04
-3.585777804255485535e-02
-3.036515600979328156e-02
4.360770806670188904e-02
-5.160597153007984161e-03
-1.386290881782770157e-02
-3.360474854707717896e-02
-3.012933954596519470e-02
1.014777226373553276e-03
1.246890053153038025e-02
-1.104362867772579193e-02
3.742118552327156067e-02
-1.079514902085065842e-02
-1.914982497692108154e-02
2.020688913762569427e-02
-2.521067485213279724e-02
-5.261531565338373184e-03
2.648985199630260468e-02
-2.553230524063110352e-02
-8.849978446960449219e-03
-3.565676510334014893e-02
3.206927701830863953e-02
1.450456771999597549e-02
2.063925750553607941e-02
