-1.235959585756063461e-03
1.104517281055450439e-02
8.908458985388278961e-03
7.442720234394073486e-02
5.346921086311340332e-02
-2.128888666629791260e-02
6.160490214824676514e-02
-5.818599089980125427e-02
1.749554276466369629e-02
-8.410216122865676880e-02
-2.363562583923339844e-02
2.595314383506774902e-02
7.206283509731292725e-02
7.753722835332155228e-03
7.121357321739196777e-02
-7.556246966123580933e-02
6.852930039167404175e-02
-1.436711195856332779e-02
-5.584202008321881294e-04
-1.195940561592578888e-02
8.283186703920364380e-02
-2.188060618937015533e-02
3.242452070116996765e-02
5.132734775543212891e-02
-3.361352020874619484e-03
8.625841140747070312e-02
-5.578751489520072937e-02
6.961914710700511932e-03
5.198060348629951477e-02
6.516145169734954834e-02
4.247213900089263916e-02
-2.683406695723533630e-02
1.333031523972749710e-02
-3.620408102869987488e-02
-3.820781037211418152e-02
6.537384539842605591e-02
-8.382376283407211304e-02
-2.323252148926258087e-02
-2.357680723071098328e-02
-3.660640493035316467e-02
1.820287853479385376e-02
3.922301903367042542e-02
-6.307695806026458740e-02
-7.166048884391784668e-02
-5.147227272391319275e-02
8.347585052251815796e-02
2.313882857561111450e-02
-7.915360480546951294e-02
-4.280532896518707275e-02
-2.703648433089256287e-02
-7.656204979866743088e-03
-7.810791581869125366e-02
-7.183630019426345825e-03
4.188493266701698303e-02
2.160620689392089844e-02
6.337217241525650024e-02
1.213504653424024582e-02
2.497648075222969055e-02
-2.053702250123023987e-02
-5.591296777129173279e-02
3.025020658969879150e-02
6.858739256858825684e-02
7.001946866512298584e-02
-4.575002938508987427e-02
-4.337253421545028687e-02
6.096227839589118958e-02
8.696034550666809082e-02
2.036318182945251465e-02
7.457991689443588257e-02
-1.391210965812206268e-02
1.123777497559785843e-02
3.052956610918045044e-02
3.797920420765876770e-02
3.280942142009735107e-02
-1.328529138118028641e-02
-1.059505436569452286e-02
-8.435664325952529907e-02
-1.039778348058462143e-02
-7.198821753263473511e-02
8.449462801218032837e-02
2.038585254922509193e-03
1.135133486241102219e-02
4.172305017709732056e-02
-8.126666396856307983e-02
6.413666158914566040e-02
9.812584146857261658e-03
-7.332380115985870361e-02
-7.648028898984193802e-03
4.499622061848640442e-02
-4.533205553889274597e-02
-7.140813767910003662e-02
-4.295289982110261917e-03
2.012288197875022888e-02
-5.578524619340896606e-02
-5.631083040498197079e-04
-9.230861440300941467e-03
-5.269828066229820251e-02
-5.777402594685554504e-02
-7.644550502300262451e-02
7.304290682077407837e-02
5.627097189426422119e-02
-2.920830622315406799e-02
-8.430392295122146606e-02
-7.567802071571350098e-02
-7.822520099580287933e-03
5.300916358828544617e-02
4.764879122376441956e-02
4.974727332592010498e-02
2.313854172825813293e-02
-2.894103340804576874e-02
-8.512449264526367188e-02
3.183187544345855713e-02
5.525110661983489990e-02
2.951211296021938324e-02
7.162396609783172607e-02
2.440565824508666992e-02
-6.894382089376449585e-02
-3.607698902487754822e-02
6.556125730276107788e-02
7.642137259244918823e-02
-5.915762484073638916e-02
2.984194457530975342e-02
-7.141575217247009277e-02
7.101013511419296265e-02
1.621481589972972870e-02
7.819245755672454834e-02
4.556803777813911438e-02
-4.504974558949470520e-02
1.634287647902965546e-02
-1.828384213149547577e-02
-5.144990608096122742e-02
1.979634910821914673e-02
-2.406987175345420837e-02
-5.652548000216484070e-02
3.926794975996017456e-02
5.626938864588737488e-02
6.844276189804077148e-02
-1.704289577901363373e-02
5.200353637337684631e-02
7.379334419965744019e-02
-4.102645069360733032e-02
-7.946263253688812256e-02
1.878451742231845856e-02
-3.190377727150917053e-02
-4.698620736598968506e-02
-5.483270063996315002e-02
-6.747809052467346191e-02
6.066755950450897217e-02
-4.385623149573802948e-03
-7.666855119168758392e-03
1.896832510828971863e-02
-8.012977242469787598e-02
-2.918040752410888672e-02
3.229850903153419495e-02
-3.373026102781295776e-02
-8.475875854492187500e-02
1.111503224819898605e-02
7.319584488868713379e-02
-3.612609207630157471e-02
-6.188924238085746765e-02
-8.802399039268493652e-02
3.440197929739952087e-02
-6.691572815179824829e-02
-6.271724402904510498e-02
-4.252151772379875183e-02
-6.769721210002899170e-02
8.514923602342605591e-02
1.518697757273912430e-02
7.717107655480504036e-04
-5.290547758340835571e-02
-1.174510084092617035e-02
-2.048758044838905334e-02
4.013495519757270813e-02
-4.326332826167345047e-03
6.064416840672492981e-02
-3.499309718608856201e-02
6.812703609466552734e-02
3.484057029709219933e-03
2.569360472261905670e-02
-7.531661074608564377e-03
5.409073457121849060e-02
-1.224897615611553192e-02
-1.506530493497848511e-02
3.124028816819190979e-02
2.166650258004665375e-02
3.040462173521518707e-02
-5.709308758378028870e-02
3.386672213673591614e-02
7.104438543319702148e-02
-2.714253962039947510e-02
-5.341631174087524414e-02
-6.114917621016502380e-02
2.798660099506378174e-02
3.552440926432609558e-02
-4.403378814458847046e-02
-7.841497659683227539e-02
1.841704593971371651e-03
-1.774923503398895264e-02
-2.696681581437587738e-02
-6.664279848337173462e-02
7.540503889322280884e-02
4.283197224140167236e-02
7.658663392066955566e-02
5.802882090210914612e-02
6.217364966869354248e-02
6.775731593370437622e-02
-6.838455796241760254e-02
-3.772399201989173889e-02
-1.659179478883743286e-02
1.203445158898830414e-02
5.362372845411300659e-02
-6.130242720246315002e-03
-3.421633318066596985e-02
1.854953356087207794e-02
-1.210145931690931320e-02
-2.191891148686408997e-02
-1.127453055232763290e-02
-8.664224296808242798e-03
-2.573570422828197479e-02
6.924326065927743912e-03
-1.273379568010568619e-02
-4.468507692217826843e-02
-4.892773181200027466e-02
3.707553818821907043e-02
3.811708837747573853e-02
7.151941210031509399e-02
-8.750885725021362305e-02
-6.487304717302322388e-02
1.819296507164835930e-03
-6.878703832626342773e-02
-7.790432870388031006e-02
1.719318516552448273e-02
-8.358912169933319092e-02
7.166124880313873291e-03
5.534672364592552185e-02
5.665986612439155579e-02
-3.677275031805038452e-02
-5.948056280612945557e-02
-2.807040698826313019e-03
-1.902336999773979187e-02
-4.239290021359920502e-03
-1.075407955795526505e-02
4.004110116511583328e-03
-8.484686166048049927e-02
-8.669794350862503052e-02
4.045110568404197693e-02
-7.705967873334884644e-02
-1.621758565306663513e-02
5.061449110507965088e-02
3.903371840715408325e-02
5.782840400934219360e-02
7.703881710767745972e-02
-1.130582764744758606e-02
4.429195821285247803e-02
-6.960500031709671021e-02
-3.933264315128326416e-02
-2.431149594485759735e-02
5.626325029879808426e-03
-1.153647806495428085e-02
5.582957714796066284e-02
6.201637163758277893e-02
8.689942955970764160e-02
-6.363570690155029297e-03
-8.440685272216796875e-02
-7.870784401893615723e-02
-2.386379614472389221e-02
-1.229158602654933929e-02
4.938605800271034241e-02
8.090738207101821899e-02
4.460151866078376770e-02
6.398367881774902344e-02
8.474913239479064941e-02
6.571613252162933350e-02
-5.579255148768424988e-02
5.609373003244400024e-02
-2.759755030274391174e-02
4.401254653930664062e-02
-4.162814840674400330e-02
-6.946320086717605591e-02
2.175675146281719208e-02
-5.847753956913948059e-02
7.925333827733993530e-02
8.474693447351455688e-02
1.577016524970531464e-02
1.799107715487480164e-02
8.505086600780487061e-02
-6.473939865827560425e-03
-1.163574401289224625e-03
-5.196684505790472031e-03
-2.513437997549772263e-03
-7.315921038389205933e-02
-1.582969166338443756e-02
6.835643947124481201e-02
6.196035444736480713e-02
-8.016526699066162109e-02
6.472886353731155396e-02
3.526912536472082138e-03
4.781795665621757507e-02
-8.758121728897094727e-02
-8.653378486633300781e-02
3.972899168729782104e-02
-3.175461292266845703e-02
-4.348657652735710144e-02
-4.008779674768447876e-02
-3.960769996047019958e-02
-4.587518423795700073e-02
4.147960990667343140e-02
5.543251335620880127e-02
8.415094763040542603e-02
-4.101390391588211060e-02
3.472963348031044006e-02
-7.256197743117809296e-03
5.333146080374717712e-02
8.435562998056411743e-02
-2.421006001532077789e-02
5.665763467550277710e-02
-2.576672099530696869e-02
6.539527326822280884e-02
8.769900538027286530e-03
2.194117940962314606e-02
5.862875655293464661e-02
-7.117449492216110229e-02
-3.515990823507308960e-02
-1.129641570150852203e-02
-3.036263957619667053e-02
5.587640777230262756e-02
5.382672697305679321e-02
-6.034171208739280701e-02
7.278470695018768311e-02
1.621227897703647614e-02
-6.971032172441482544e-02
3.880919143557548523e-02
8.839340507984161377e-02
4.441954940557479858e-02
1.580484025180339813e-02
-3.622812032699584961e-02
-7.038622349500656128e-02
-4.842553287744522095e-03
-1.632849313318729401e-02
-7.118694484233856201e-02
7.557664811611175537e-02
-4.401765763759613037e-02
7.443224638700485229e-02
-2.921592257916927338e-02
-3.813422843813896179e-02
8.750348538160324097e-02
-8.371037989854812622e-02
-3.034109435975551605e-02
-5.720242857933044434e-02
-7.978793978691101074e-02
-2.135332860052585602e-02
8.578624576330184937e-02
-8.495064452290534973e-03
-8.703244477510452271e-02
5.137130618095397949e-02
-3.419366851449012756e-02
3.209738433361053467e-02
3.722814843058586121e-02
-4.374513030052185059e-02
7.618159055709838867e-02
-5.321654677391052246e-02
-6.282889097929000854e-02
-5.676222033798694611e-03
-5.579360947012901306e-02
2.877657674252986908e-02
7.674712222069501877e-03
-7.632993627339601517e-03
-8.189263194799423218e-02
5.064764618873596191e-02
2.700039371848106384e-02
3.413523081690073013e-03
-1.304746512323617935e-02
7.260242104530334473e-02
6.147525738924741745e-03
2.348141744732856750e-02
-2.809062227606773376e-02
7.441077381372451782e-02
-5.978751182556152344e-02
-3.465239331126213074e-02
-7.802487909793853760e-02
-7.137202471494674683e-02
-3.562502935528755188e-02
1.098327431827783585e-02
-6.409905850887298584e-02
-8.312927931547164917e-02
4.728234931826591492e-02
4.477718845009803772e-02
-7.634983956813812256e-02
5.836531892418861389e-02
2.925036102533340454e-02
-7.991236448287963867e-02
5.250135809183120728e-02
-1.789235137403011322e-02
-6.785780936479568481e-02
-4.855566844344139099e-02
-7.452687621116638184e-02
4.291304200887680054e-02
2.274065278470516205e-02
-5.991255491971969604e-02
-9.518667939119040966e-04
-7.965053617954254150e-02
1.801260374486446381e-02
2.967546135187149048e-02
7.945579290390014648e-02
4.001617804169654846e-02
-3.577776625752449036e-02
7.965825498104095459e-02
-2.899000886827707291e-03
-7.663903385400772095e-02
4.241216182708740234e-02
1.064138021320104599e-02
-1.990098971873521805e-03
-7.830940932035446167e-02
-2.174016408389434218e-04
-2.707479521632194519e-02
-5.393046513199806213e-02
-1.078454777598381042e-03
6.134989485144615173e-02
-3.110421262681484222e-02
2.125137858092784882e-02
-1.617984473705291748e-02
8.282935619354248047e-02
7.859417796134948730e-02
-2.412928640842437744e-02
-1.351753156632184982e-02
4.144309461116790771e-02
-2.207933366298675537e-02
4.087342321872711182e-02
-3.117639943957328796e-02
6.555081158876419067e-02
2.415930852293968201e-02
6.437634583562612534e-03
5.521157011389732361e-02
6.551817059516906738e-02
1.693223789334297180e-02
4.265611991286277771e-02
-8.503685146570205688e-02
-3.112893318757414818e-03
1.180224027484655380e-02
-3.557563573122024536e-02
-6.565154343843460083e-02
3.075449541211128235e-02
-3.065570630133152008e-02
7.916487008333206177e-02
-2.540685795247554779e-02
-5.562206357717514038e-02
-2.553883381187915802e-02
-2.208881080150604248e-02
5.775178782641887665e-03
-6.639838218688964844e-02
-7.228717207908630371e-02
-1.475945394486188889e-02
-6.693408358842134476e-03
-3.318833187222480774e-03
4.713784530758857727e-02
-6.949393451213836670e-02
-9.272192604839801788e-03
-5.756699293851852417e-02
-6.939402967691421509e-02
5.850517656654119492e-03
-7.628111168742179871e-03
-5.381288751959800720e-02
-2.579340524971485138e-02
7.035024464130401611e-02
-1.829154556617140770e-03
1.290767546743154526e-02
-6.329824216663837433e-03
-1.544049102813005447e-02
-7.247996330261230469e-02
-6.945335865020751953e-02
2.125071547925472260e-02
-4.461740329861640930e-02
6.270403414964675903e-02
-7.400912791490554810e-02
-1.799994893372058868e-02
8.445961028337478638e-02
5.378220230340957642e-03
-2.505141310393810272e-02
-6.134334951639175415e-02
6.262081116437911987e-02
8.444763720035552979e-02
-2.782738581299781799e-02
6.901483237743377686e-02
-6.290580332279205322e-02
-8.698878437280654907e-02
7.925983518362045288e-02
7.361041754484176636e-02
5.267441272735595703e-03
-5.433851107954978943e-02
7.037011533975601196e-02
8.618240058422088623e-02
-1.857653632760047913e-02
2.940025366842746735e-02
5.961018055677413940e-02
-7.913939654827117920e-02
8.132085949182510376e-02
-1.523458771407604218e-02
-1.000760216265916824e-02
2.574023231863975525e-02
4.464068636298179626e-02
2.103908546268939972e-02
6.540382653474807739e-02
7.430262397974729538e-03
1.021273713558912277e-02
-2.545157819986343384e-02
-2.847813442349433899e-02
-7.696201652288436890e-02
-3.591135144233703613e-02
-8.224326372146606445e-02
-2.907468564808368683e-02
-2.222898975014686584e-02
-1.573440618813037872e-02
-2.705451101064682007e-02
-2.515257894992828369e-02
-5.735568329691886902e-02
4.089251160621643066e-02
4.512320086359977722e-02
-1.036521885544061661e-02
-8.596048504114151001e-02
-6.079499144107103348e-03
-7.996912300586700439e-02
-1.992403343319892883e-02
-5.909669026732444763e-02
7.193212211132049561e-02
2.663417253643274307e-03
8.196322619915008545e-02
8.049247413873672485e-02
7.782112807035446167e-02
-2.418170496821403503e-02
-2.132732421159744263e-02
3.595295920968055725e-02
-2.983183413743972778e-02
-7.069735974073410034e-02
-4.386366531252861023e-02
3.098073601722717285e-02
-7.465647161006927490e-02
-3.041925467550754547e-02
-3.518666699528694153e-02
6.943695992231369019e-02
6.378120929002761841e-02
-6.228623911738395691e-02
8.575408160686492920e-02
-7.794943451881408691e-02
-8.731418289244174957e-03
5.774847045540809631e-02
-5.539719015359878540e-02
2.661946229636669159e-02
-7.341624051332473755e-02
4.386548325419425964e-02
-8.409813046455383301e-02
-1.184446457773447037e-02
5.339751765131950378e-02
2.512893639504909515e-02
-1.106808055192232132e-02
-1.698029460385441780e-03
7.853874564170837402e-02
7.360488176345825195e-02
5.722422152757644653e-02
6.720827519893646240e-02
-4.771775379776954651e-02
2.476450242102146149e-02
-5.684044584631919861e-02
-7.638654857873916626e-02
9.391359984874725342e-03
3.751418367028236389e-02
4.029376804828643799e-02
-7.308527082204818726e-02
-4.734107851982116699e-02
-3.071988746523857117e-02
-1.221598871052265167e-02
5.007633008062839508e-03
-1.094898767769336700e-02
-1.600780524313449860e-02
-6.026246026158332825e-02
5.860311537981033325e-02
-2.942416351288557053e-03
2.194415777921676636e-02
-2.031425200402736664e-02
-8.188709616661071777e-02
1.081626489758491516e-02
-6.847325712442398071e-02
2.360422536730766296e-02
3.849668428301811218e-03
3.884460031986236572e-02
-8.679518103599548340e-02
-6.812525540590286255e-02
3.779352828860282898e-02
3.383927419781684875e-02
7.891048491001129150e-02
-5.750473588705062866e-02
7.748457044363021851e-02
7.398156076669692993e-02
-7.952732592821121216e-02
8.722048252820968628e-03
7.390628103166818619e-03
-2.488331124186515808e-02
-1.511435303837060928e-02
-1.816226984374225140e-03
-3.518133237957954407e-02
-4.514180868864059448e-02
-2.965797111392021179e-02
-7.686734199523925781e-02
-7.621052116155624390e-02
-1.850889623165130615e-02
-1.176931429654359818e-03
6.150308065116405487e-03
2.856183098629117012e-03
1.396334543824195862e-02
-2.363734692335128784e-02
-3.332216665148735046e-02
1.704644970595836639e-02
1.738152094185352325e-02
2.075150981545448303e-02
-4.216576367616653442e-02
-2.483296953141689301e-02
-3.775023669004440308e-02
7.731883972883224487e-02
6.450217962265014648e-02
2.409289218485355377e-02
7.038994878530502319e-02
-3.369269892573356628e-03
-3.837608173489570618e-02
-5.130750313401222229e-02
-6.482802331447601318e-02
-4.653522372245788574e-02
8.347456902265548706e-02
-2.863012813031673431e-02
3.118094056844711304e-03
-4.704898595809936523e-02
-4.227555170655250549e-02
-1.063678879290819168e-03
6.710083782672882080e-02
8.813913911581039429e-02
3.780378028750419617e-02
-6.071271002292633057e-02
8.696472644805908203e-02
-2.616612240672111511e-02
-3.217779472470283508e-02
-4.617461189627647400e-02
-7.850095629692077637e-02
1.533005200326442719e-02
6.238743290305137634e-02
1.750499568879604340e-02
8.755641430616378784e-02
-1.890961453318595886e-02
-5.200042575597763062e-02
8.005180209875106812e-02
-8.839267492294311523e-02
7.837712764739990234e-02
2.016338706016540527e-02
-3.554196655750274658e-02
3.258452937006950378e-02
-2.591923810541629791e-02
1.196141820400953293e-02
-4.072496667504310608e-02
6.054360792040824890e-02
-5.229393392801284790e-02
-4.966029152274131775e-02
4.289513826370239258e-02
-8.239573985338211060e-02
2.573913894593715668e-02
-8.649129420518875122e-02
8.500074595212936401e-02
7.448500394821166992e-02
-6.690562516450881958e-02
3.871498629450798035e-02
4.009014740586280823e-02
-6.195329874753952026e-02
-1.454136148095130920e-02
6.856116000562906265e-03
-7.131021469831466675e-02
3.249742463231086731e-02
7.391174137592315674e-02
1.222302019596099854e-02
-8.210778236389160156e-02
-4.011075478047132492e-03
1.322895637713372707e-03
-5.282172933220863342e-02
7.134700566530227661e-02
-3.061642311513423920e-02
5.255195125937461853e-02
-5.693376809358596802e-02
-6.500003486871719360e-02
2.239073999226093292e-02
-8.168584853410720825e-02
-7.737132161855697632e-02
5.387080833315849304e-02
7.769844681024551392e-02
4.012509807944297791e-02
6.290326267480850220e-02
-6.734606623649597168e-02
4.955334588885307312e-03
-6.989879906177520752e-02
-2.031699568033218384e-02
2.194024994969367981e-02
-8.630720525979995728e-02
-1.968209818005561829e-02
-2.312013134360313416e-02
-5.981480330228805542e-02
8.225777000188827515e-02
-5.629024282097816467e-02
8.634286373853683472e-02
8.025462180376052856e-02
-3.427447006106376648e-02
-5.204177275300025940e-02
3.232178837060928345e-02
4.360313341021537781e-02
-3.004600666463375092e-02
1.897380128502845764e-02
-2.937029302120208740e-02
1.375494524836540222e-02
-4.694406688213348389e-02
6.126198172569274902e-02
2.162645012140274048e-02
4.180501773953437805e-02
5.384157598018646240e-02
5.865024030208587646e-02
4.699214547872543335e-02
-4.880082793533802032e-03
-3.617500886321067810e-02
3.688048943877220154e-02
5.039776489138603210e-02
4.723993688821792603e-02
2.387299574911594391e-02
-7.777896523475646973e-02
4.051740467548370361e-02
-6.043683737516403198e-02
4.540300741791725159e-02
-2.872164733707904816e-02
1.109768543392419815e-02
4.648741334676742554e-02
-3.647465491667389870e-03
3.847647085785865784e-02
7.495429366827011108e-02
7.183134555816650391e-02
8.350907266139984131e-02
7.312547415494918823e-02
-8.799086511135101318e-02
-5.405040923506021500e-03
3.163607046008110046e-02
-9.719452820718288422e-03
-6.619311124086380005e-02
-1.866812631487846375e-02
-8.465670049190521240e-02
4.564780369400978088e-02
3.015014901757240295e-02
5.054698511958122253e-02
-7.539262622594833374e-02
-3.576400130987167358e-02
7.280507683753967285e-02
-1.519594807177782059e-02
-7.614821195602416992e-02
-2.096248418092727661e-02
-1.211711321957409382e-03
-8.346877247095108032e-02
7.513897120952606201e-02
-3.074911795556545258e-02
4.531376808881759644e-02
4.578842967748641968e-02
8.486214280128479004e-02
5.081205815076828003e-02
5.932914465665817261e-02
-7.307136058807373047e-02
4.119048267602920532e-02
8.703263103961944580e-02
-6.327156722545623779e-02
3.536765277385711670e-02
7.564849220216274261e-03
7.899873703718185425e-02
8.262118697166442871e-02
-3.894661739468574524e-02
7.433228939771652222e-02
7.800066471099853516e-02
-4.590085521340370178e-02
4.186167567968368530e-02
-5.702877789735794067e-02
7.545347511768341064e-02
-6.908088922500610352e-02
8.540502190589904785e-02
-6.451444327831268311e-02
1.102552097290754318e-02
-6.648071575909852982e-03
1.655214466154575348e-02
1.612912304699420929e-02
-2.084452891722321510e-03
-2.706493996083736420e-02
-7.608512789011001587e-02
6.228121370077133179e-02
6.663686037063598633e-02
-5.906901136040687561e-02
1.033133361488580704e-03
-4.310301318764686584e-02
4.320482537150382996e-02
-3.089985996484756470e-02
-5.518295615911483765e-02
-2.778402715921401978e-02
5.912184342741966248e-02
-3.698539361357688904e-02
7.292857766151428223e-02
-6.014472246170043945e-02
4.340237006545066833e-02
-3.245715051889419556e-02
-6.979312747716903687e-02
6.402018014341592789e-03
7.673893868923187256e-02
-4.218278918415307999e-03
-6.918402016162872314e-02
5.823404341936111450e-02
3.784794360399246216e-02
3.967367578297853470e-03
-2.754473360255360603e-03
2.613429538905620575e-02
-5.595444887876510620e-02
-7.674679905176162720e-02
-7.728872151346877217e-05
1.207631174474954605e-02
-4.218168929219245911e-02
-1.467540953308343887e-02
-6.144139915704727173e-02
4.038715735077857971e-03
2.612760849297046661e-02
1.095505431294441223e-02
8.241087943315505981e-02
8.567513525485992432e-02
-6.644300371408462524e-02
7.659735530614852905e-02
1.965831965208053589e-02
-4.865369573235511780e-02
8.120159804821014404e-02
-1.640404574573040009e-03
-3.733575809746980667e-03
2.429322153329849243e-02
2.353483624756336212e-02
1.113544311374425888e-02
-7.840760052204132080e-02
-8.422014117240905762e-02
1.758231408894062042e-02
-1.049814466387033463e-02
-6.814554333686828613e-02
-4.642140120267868042e-02
-1.568685285747051239e-02
-7.228236645460128784e-02
-7.938606292009353638e-02
-3.583212196826934814e-02
-2.406944148242473602e-02
-4.807253926992416382e-02
-2.602206543087959290e-02
-7.616522163152694702e-02
5.950387939810752869e-02
-2.644415944814682007e-02
1.977607421576976776e-02
7.107453048229217529e-02
-1.466002431698143482e-03
7.126846909523010254e-02
-4.467159043997526169e-03
8.560001105070114136e-02
-5.735577642917633057e-02
-1.762748882174491882e-02
-1.973950304090976715e-02
2.971976250410079956e-02
-6.791349500417709351e-02
-8.586989343166351318e-02
-3.788409382104873657e-02
7.446749508380889893e-02
1.802059262990951538e-02
2.231577783823013306e-02
6.623003631830215454e-02
-4.440123960375785828e-02
-8.504053205251693726e-02
-5.092788487672805786e-02
-2.141062356531620026e-02
-7.405773550271987915e-02
-3.523606061935424805e-02
6.758781522512435913e-02
-9.666370227932929993e-03
-6.895595043897628784e-02
-4.475961998105049133e-02
4.033624753355979919e-02
-4.239597544074058533e-02
7.314835488796234131e-02
4.117050766944885254e-02
-8.351035416126251221e-02
6.257448345422744751e-02
-7.675477862358093262e-02
-3.859823569655418396e-02
8.177557587623596191e-02
3.629120532423257828e-03
-6.921708583831787109e-02
1.416005380451679230e-02
3.871408104896545410e-02
-5.766225978732109070e-02
-2.815159969031810760e-02
3.713506460189819336e-02
2.958488091826438904e-02
-8.060440421104431152e-02
1.052980404347181320e-02
-8.665095269680023193e-02
1.853339490480720997e-03
4.942364618182182312e-02
-7.317199558019638062e-02
-3.858537971973419189e-02
-6.334080547094345093e-02
-4.326909407973289490e-02
8.009788580238819122e-03
4.793246835470199585e-02
8.025737851858139038e-02
-3.691517515107989311e-03
1.443494576960802078e-02
8.166199177503585815e-02
-1.357782538980245590e-02
-2.893438749015331268e-02
3.485330939292907715e-02
2.573167346417903900e-02
8.724498003721237183e-02
-8.405379951000213623e-02
1.376507245004177094e-02
-6.159049458801746368e-03
6.235801265574991703e-05
-8.745113760232925415e-02
-2.833537757396697998e-02
-7.805463671684265137e-02
7.256735116243362427e-02
6.149649620056152344e-02
4.053780063986778259e-02
-5.097840726375579834e-02
-1.388667244464159012e-02
-4.539581388235092163e-02
-8.496517688035964966e-02
-3.660441562533378601e-02
4.840360209345817566e-02
-4.501835256814956665e-02
2.788554131984710693e-02
5.940949171781539917e-02
-7.825645059347152710e-02
6.560526788234710693e-02
5.421710386872291565e-02
-3.459913423284888268e-03
-6.174178794026374817e-02
-8.189494162797927856e-02
-6.524298340082168579e-03
-2.623037621378898621e-02
3.778876364231109619e-02
-8.289660513401031494e-02
4.558131471276283264e-02
-6.308508664369583130e-02
5.034035071730613708e-02
-5.187147483229637146e-02
-2.590547502040863037e-02
5.765963718295097351e-02
-3.845272958278656006e-02
4.110876470804214478e-02
7.303620129823684692e-02
5.854058638215065002e-02
1.730522327125072479e-02
4.682326316833496094e-02
5.018585547804832458e-02
-7.270078361034393311e-02
-7.544375956058502197e-02
6.153040006756782532e-02
-8.773139864206314087e-02
7.178768515586853027e-02
-3.066837973892688751e-02
6.104854866862297058e-02
-7.229559868574142456e-02
5.960771813988685608e-02
-3.359641507267951965e-02
-4.342603310942649841e-02
6.814602017402648926e-02
7.338235527276992798e-02
4.149843007326126099e-02
7.655418664216995239e-02
7.882057130336761475e-02
1.151187717914581299e-02
8.739588409662246704e-02
-5.925052985548973083e-02
7.737498730421066284e-02
-5.186204239726066589e-02
-3.704670444130897522e-02
-2.297662384808063507e-02
-7.015976309776306152e-02
-2.120865322649478912e-02
7.440865784883499146e-02
-4.366568848490715027e-02
-6.094514951109886169e-02
5.161087960004806519e-02
-5.357631295919418335e-02
-6.945928558707237244e-03
-5.335886497050523758e-03
-5.764192715287208557e-02
-2.887634932994842529e-02
-3.023341298103332520e-02
3.962214570492506027e-03
1.360997464507818222e-02
-8.565540611743927002e-02
-2.191993221640586853e-02
-8.715327829122543335e-02
3.722427785396575928e-02
-4.448885470628738403e-02
3.821028023958206177e-02
4.197431355714797974e-02
8.007934689521789551e-02
-1.055394299328327179e-03
8.172479271888732910e-02
4.987666010856628418e-02
-7.247768342494964600e-02
1.421756297349929810e-02
-2.331547997891902924e-02
-3.329260274767875671e-02
2.924535796046257019e-02
8.183594793081283569e-02
3.729444742202758789e-02
-6.237911526113748550e-03
-6.216897629201412201e-03
3.644780069589614868e-02
5.423910915851593018e-03
6.099102273583412170e-02
3.682346269488334656e-02
6.584245711565017700e-02
-7.498198747634887695e-02
8.542183786630630493e-02
2.233933843672275543e-02
4.844768345355987549e-02
7.792634516954421997e-02
-2.090641483664512634e-02
