1.565664410591125488e-01
1.716964840888977051e-01
2.264065295457839966e-01
3.172955513000488281e-01
1.574950218200683594e-01
1.119078546762466431e-01
1.001342982053756714e-01
7.781761139631271362e-02
8.323443681001663208e-02
9.537240117788314819e-02
8.817906677722930908e-02
1.537616699934005737e-01
1.960536241531372070e-01
1.178064644336700439e-01
1.535556465387344360e-01
7.993587851524353027e-02
1.671265214681625366e-01
7.785744220018386841e-02
2.457789033651351929e-01
7.571445405483245850e-02
1.113132759928703308e-01
8.712235093116760254e-02
1.724728792905807495e-01
6.875708699226379395e-02
1.054582744836807251e-01
7.878562808036804199e-02
7.205122709274291992e-02
2.189974784851074219e-01
1.860313117504119873e-01
1.471085846424102783e-01
2.439584136009216309e-01
1.153215467929840088e-01
2.001252323389053345e-01
1.978051364421844482e-01
1.282145231962203979e-01
1.292895376682281494e-01
1.400148719549179077e-01
7.806227356195449829e-02
1.263457834720611572e-01
1.518513113260269165e-01
1.371417939662933350e-01
1.937613338232040405e-01
5.945729464292526245e-02
7.337227463722229004e-02
7.157987356185913086e-02
6.848595291376113892e-02
1.239032894372940063e-01
1.555930972099304199e-01
8.156449347734451294e-02
1.211771145462989807e-01
1.196258887648582458e-01
1.455824226140975952e-01
6.273700296878814697e-02
1.393990665674209595e-01
6.335549801588058472e-02
9.307824820280075073e-02
1.783114969730377197e-01
1.000669077038764954e-01
1.827259361743927002e-01
8.274084329605102539e-02
1.038119196891784668e-01
9.647160023450851440e-02
8.460917323827743530e-02
2.565770149230957031e-01
1.325029134750366211e-01
1.272713243961334229e-01
1.064844503998756409e-01
1.934574544429779053e-01
1.182782575488090515e-01
1.434941887855529785e-01
9.237500280141830444e-02
1.321527510881423950e-01
1.119411811232566833e-01
1.252988725900650024e-01
2.445680052042007446e-01
3.141983151435852051e-01
1.397159993648529053e-01
1.808146983385086060e-01
1.549678593873977661e-01
1.737964749336242676e-01
1.838064342737197876e-01
1.742140799760818481e-01
1.540269404649734497e-01
1.404721140861511230e-01
1.800488978624343872e-01
1.820168644189834595e-01
1.726721525192260742e-01
1.322931349277496338e-01
9.052975475788116455e-02
1.040453389286994934e-01
1.760132610797882080e-01
2.158046811819076538e-01
2.724102139472961426e-01
1.356350481510162354e-01
9.545025974512100220e-02
1.011399626731872559e-01
8.994774520397186279e-02
8.902610838413238525e-02
8.060136437416076660e-02
9.644675254821777344e-02
2.836084365844726562e-01
1.483464688062667847e-01
7.975057512521743774e-02
2.112394273281097412e-01
9.295727312564849854e-02
9.611279517412185669e-02
1.277119070291519165e-01
1.283753961324691772e-01
2.006815224885940552e-01
7.478960603475570679e-02
1.713450700044631958e-01
1.253724992275238037e-01
1.718249917030334473e-01
1.181445717811584473e-01
5.681472644209861755e-02
1.258318126201629639e-01
1.078459694981575012e-01
1.784538626670837402e-01
1.694237589836120605e-01
1.202545762062072754e-01
2.870490252971649170e-01
1.156896278262138367e-01
1.562482565641403198e-01
1.020794510841369629e-01
7.909724861383438110e-02
2.502938807010650635e-01
1.894700527191162109e-01
1.833920180797576904e-01
1.538278013467788696e-01
1.778495907783508301e-01
1.566436588764190674e-01
1.855161786079406738e-01
1.602400094270706177e-01
2.636922001838684082e-01
9.096525609493255615e-02
7.622326910495758057e-02
1.648955494165420532e-01
6.814140826463699341e-02
1.265637874603271484e-01
1.055502593517303467e-01
1.525778621435165405e-01
1.717273890972137451e-01
8.183077722787857056e-02
1.384092867374420166e-01
2.206483632326126099e-01
9.179288148880004883e-02
1.186477616429328918e-01
6.228629499673843384e-02
1.076532527804374695e-01
1.090503111481666565e-01
6.510954350233078003e-02
2.363188713788986206e-01
1.087992042303085327e-01
1.681539863348007202e-01
1.996101438999176025e-01
1.260516941547393799e-01
1.548512428998947144e-01
1.319192498922348022e-01
1.367632746696472168e-01
2.255262136459350586e-01
9.630946069955825806e-02
3.867412209510803223e-01
1.566277444362640381e-01
8.753501623868942261e-02
1.338077038526535034e-01
1.032122746109962463e-01
2.063078284263610840e-01
1.351593583822250366e-01
1.363404691219329834e-01
6.840950250625610352e-02
9.236478060483932495e-02
1.925001591444015503e-01
1.376475840806961060e-01
1.436561495065689087e-01
1.387133747339248657e-01
1.544130444526672363e-01
1.160446181893348694e-01
2.300113588571548462e-01
9.219656139612197876e-02
1.184770315885543823e-01
9.997333586215972900e-02
6.445027142763137817e-02
1.475206762552261353e-01
1.250072419643402100e-01
1.730062961578369141e-01
1.350289583206176758e-01
2.204478979110717773e-01
1.070342063903808594e-01
7.267545163631439209e-02
9.137056022882461548e-02
1.254060417413711548e-01
7.547858357429504395e-02
2.771167755126953125e-01
1.286755353212356567e-01
1.106681078672409058e-01
7.731566578149795532e-02
1.389417648315429688e-01
6.616064161062240601e-02
9.481352567672729492e-02
1.271620243787765503e-01
1.170924827456474304e-01
1.158871874213218689e-01
1.591882258653640747e-01
1.149676889181137085e-01
2.008168995380401611e-01
5.454936996102333069e-02
1.027492061257362366e-01
8.221387118101119995e-02
6.459756940603256226e-02
6.751014292240142822e-02
8.319835364818572998e-02
1.422513723373413086e-01
9.631093591451644897e-02
1.466436684131622314e-01
1.192758828401565552e-01
1.299988925457000732e-01
7.363121211528778076e-02
1.319658011198043823e-01
1.031664460897445679e-01
1.291744560003280640e-01
1.270947158336639404e-01
1.252842694520950317e-01
3.404080867767333984e-01
2.322144508361816406e-01
1.154697239398956299e-01
9.373919665813446045e-02
1.321512758731842041e-01
1.040018722414970398e-01
2.549507319927215576e-01
5.544203892350196838e-02
7.079182565212249756e-02
1.022758856415748596e-01
1.156922429800033569e-01
1.524134576320648193e-01
2.462923228740692139e-01
1.444925665855407715e-01
1.018129065632820129e-01
1.311479061841964722e-01
1.483863741159439087e-01
1.116637513041496277e-01
1.444891393184661865e-01
2.139744758605957031e-01
1.859137415885925293e-01
7.782502472400665283e-02
3.127080798149108887e-01
1.754644513130187988e-01
1.987848877906799316e-01
1.374370455741882324e-01
1.475216150283813477e-01
2.056253999471664429e-01
8.841378241777420044e-02
6.837762892246246338e-02
1.319707930088043213e-01
1.692442297935485840e-01
1.035677194595336914e-01
8.411096781492233276e-02
1.598046869039535522e-01
2.158515155315399170e-01
1.927535682916641235e-01
1.180085837841033936e-01
1.867615282535552979e-01
1.166400238871574402e-01
1.240480095148086548e-01
8.206319063901901245e-02
2.163950353860855103e-01
1.087359189987182617e-01
1.003013476729393005e-01
1.636578291654586792e-01
1.861608922481536865e-01
2.523932158946990967e-01
1.419162005186080933e-01
1.235114261507987976e-01
1.251654773950576782e-01
1.466710567474365234e-01
1.464248895645141602e-01
1.238657459616661072e-01
7.610969990491867065e-02
7.958532124757766724e-02
7.684396952390670776e-02
2.437556535005569458e-01
9.588608890771865845e-02
5.086019262671470642e-02
8.738262206315994263e-02
1.524673998355865479e-01
1.833627521991729736e-01
8.474889397621154785e-02
1.286901831626892090e-01
9.809575974941253662e-02
1.508886516094207764e-01
2.003620117902755737e-01
8.761718869209289551e-02
1.247146204113960266e-01
8.371422439813613892e-02
1.411948800086975098e-01
1.112926378846168518e-01
1.326801776885986328e-01
8.786830306053161621e-02
1.149922460317611694e-01
9.873610734939575195e-02
2.634238004684448242e-01
9.520407766103744507e-02
1.573919355869293213e-01
3.143683969974517822e-01
1.356448829174041748e-01
2.556960880756378174e-01
3.759482204914093018e-01
1.052895784378051758e-01
1.345642507076263428e-01
5.856989696621894836e-02
8.094539493322372437e-02
7.769761234521865845e-02
7.336333394050598145e-02
1.176454499363899231e-01
1.547190546989440918e-01
1.881325542926788330e-01
2.619735002517700195e-01
1.521356701850891113e-01
7.484441995620727539e-02
5.267256125807762146e-02
1.014650836586952209e-01
8.694799989461898804e-02
1.032411232590675354e-01
7.890655845403671265e-02
1.896405518054962158e-01
9.548413753509521484e-02
9.611240029335021973e-02
1.144276112318038940e-01
6.117806956171989441e-02
6.817487627267837524e-02
1.189605817198753357e-01
9.650254994630813599e-02
1.023056954145431519e-01
1.313002705574035645e-01
9.989073872566223145e-02
1.851914227008819580e-01
7.726205140352249146e-02
7.872553914785385132e-02
1.320014744997024536e-01
1.026107892394065857e-01
9.108640998601913452e-02
6.728638708591461182e-02
9.064022451639175415e-02
5.118368938565254211e-02
1.031602695584297180e-01
8.469460159540176392e-02
1.657948344945907593e-01
1.439960151910781860e-01
4.115035384893417358e-02
1.417917162179946899e-01
1.227221041917800903e-01
1.647963970899581909e-01
1.350505352020263672e-01
1.220802366733551025e-01
9.362415224313735962e-02
1.312424838542938232e-01
6.812724471092224121e-02
2.279037833213806152e-01
7.472747564315795898e-02
9.995762258768081665e-02
1.028625667095184326e-01
8.478389680385589600e-02
1.135131716728210449e-01
1.772342622280120850e-01
1.617126017808914185e-01
1.253789514303207397e-01
1.265601813793182373e-01
1.197975650429725647e-01
1.365825831890106201e-01
1.572429090738296509e-01
1.684057861566543579e-01
1.941800862550735474e-01
1.251993626356124878e-01
8.141166716814041138e-02
1.117380857467651367e-01
7.953575998544692993e-02
9.757842123508453369e-02
1.287505626678466797e-01
1.613394618034362793e-01
5.897438153624534607e-02
1.248347312211990356e-01
1.770987212657928467e-01
7.599493116140365601e-02
1.633796393871307373e-01
8.476889133453369141e-02
1.289831697940826416e-01
5.344753712415695190e-02
1.984696686267852783e-01
6.335382908582687378e-02
1.038554683327674866e-01
1.900861412286758423e-01
7.159094512462615967e-02
1.955634802579879761e-01
1.875747293233871460e-01
1.114495247602462769e-01
1.440102905035018921e-01
1.080686897039413452e-01
1.364485323429107666e-01
9.645216912031173706e-02
1.579463779926300049e-01
9.412566572427749634e-02
8.633603900671005249e-02
2.196111530065536499e-01
5.327981337904930115e-02
8.025370538234710693e-02
1.184954568743705750e-01
1.122053340077400208e-01
6.792084872722625732e-02
1.240733414888381958e-01
8.364236354827880859e-02
1.729518771171569824e-01
1.435146927833557129e-01
1.736762076616287231e-01
1.672298014163970947e-01
1.866594403982162476e-01
9.574267268180847168e-02
8.186402916908264160e-02
8.755200356245040894e-02
1.703329831361770630e-01
2.309297919273376465e-01
2.200499176979064941e-01
1.062427461147308350e-01
1.697611659765243530e-01
2.021677494049072266e-01
9.120737016201019287e-02
4.486270621418952942e-02
1.004623696208000183e-01
4.068317264318466187e-02
1.325341612100601196e-01
2.338819652795791626e-01
2.139698117971420288e-01
1.443801373243331909e-01
9.360230714082717896e-02
1.292620748281478882e-01
6.844346225261688232e-02
9.906923770904541016e-02
1.438358277082443237e-01
1.760503798723220825e-01
1.222798153758049011e-01
9.074030071496963501e-02
1.236857548356056213e-01
6.469792127609252930e-02
1.768082231283187866e-01
2.371430695056915283e-01
5.973292142152786255e-02
9.748136997222900391e-02
5.941186845302581787e-02
2.789160907268524170e-01
8.667133003473281860e-02
1.169342249631881714e-01
8.464056253433227539e-02
2.560545802116394043e-01
1.112432852387428284e-01
7.604940235614776611e-02
6.618764996528625488e-02
1.878695636987686157e-01
1.083601042628288269e-01
7.290609925985336304e-02
8.962984383106231689e-02
1.546411216259002686e-01
7.542049139738082886e-02
1.028809100389480591e-01
1.371543854475021362e-01
9.374956786632537842e-02
1.884365826845169067e-01
1.528867483139038086e-01
9.512746334075927734e-02
2.413337677717208862e-01
1.210767924785614014e-01
1.062257587909698486e-01
2.374443560838699341e-01
2.483499944210052490e-01
1.798539757728576660e-01
1.021062359213829041e-01
1.945501714944839478e-01
1.198944225907325745e-01
1.314834654331207275e-01
7.549817115068435669e-02
9.726537764072418213e-02
1.737388521432876587e-01
7.669652253389358521e-02
1.151163280010223389e-01
1.970370113849639893e-01
8.719480782747268677e-02
7.680213451385498047e-02
1.438598483800888062e-01
2.545901834964752197e-01
7.278198003768920898e-02
9.104423224925994873e-02
8.508171141147613525e-02
1.616766005754470825e-01
9.230704605579376221e-02
6.880979239940643311e-02
1.088585108518600464e-01
1.102614477276802063e-01
3.101528286933898926e-01
1.221873760223388672e-01
1.437067985534667969e-01
1.582867354154586792e-01
1.232780367136001587e-01
3.218127191066741943e-01
1.316182464361190796e-01
9.436525404453277588e-02
1.691857427358627319e-01
3.204438686370849609e-01
1.872099190950393677e-01
1.523259878158569336e-01
1.125594303011894226e-01
1.657542139291763306e-01
7.282885909080505371e-02
1.612223386764526367e-01
1.629826575517654419e-01
1.740204393863677979e-01
8.582583069801330566e-02
1.494822651147842407e-01
9.904094785451889038e-02
1.257625669240951538e-01
7.737572491168975830e-02
7.683499157428741455e-02
8.916522562503814697e-02
1.980038732290267944e-01
1.708545386791229248e-01
6.616535782814025879e-02
1.225898489356040955e-01
8.687051385641098022e-02
1.340552568435668945e-01
1.613135933876037598e-01
8.838856965303421021e-02
1.789447516202926636e-01
6.963938474655151367e-02
1.214418336749076843e-01
1.766727715730667114e-01
1.130171194672584534e-01
9.006142616271972656e-02
8.024596422910690308e-02
1.114484965801239014e-01
5.025538802146911621e-02
1.829131245613098145e-01
1.879637241363525391e-01
1.218520253896713257e-01
1.019229441881179810e-01
1.446451246738433838e-01
9.191077947616577148e-02
1.500850915908813477e-01
1.522124856710433960e-01
1.267819255590438843e-01
2.441861778497695923e-01
4.847829788923263550e-02
4.176749661564826965e-02
9.232892096042633057e-02
1.732534468173980713e-01
1.336041688919067383e-01
1.088530570268630981e-01
1.799144744873046875e-01
1.376837193965911865e-01
3.926862478256225586e-01
9.946766495704650879e-02
1.656812578439712524e-01
1.852209120988845825e-01
9.336983412504196167e-02
1.041296049952507019e-01
1.094827577471733093e-01
9.264019131660461426e-02
8.648609369993209839e-02
1.222344562411308289e-01
1.334932446479797363e-01
3.211466073989868164e-01
7.981889694929122925e-02
8.753502368927001953e-02
1.398758143186569214e-01
1.365486979484558105e-01
9.681187570095062256e-02
2.048227638006210327e-01
1.670485436916351318e-01
8.540323376655578613e-02
1.681846678256988525e-01
9.088779240846633911e-02
1.242997571825981140e-01
1.578290164470672607e-01
8.383983373641967773e-02
2.044993489980697632e-01
8.651842176914215088e-02
1.167321801185607910e-01
1.073456630110740662e-01
1.118208318948745728e-01
5.994644388556480408e-02
1.312533318996429443e-01
9.863529354333877563e-02
7.810521125793457031e-02
1.327794045209884644e-01
1.118522956967353821e-01
1.173408553004264832e-01
1.492863446474075317e-01
1.445303559303283691e-01
1.313895881175994873e-01
2.665446102619171143e-01
1.549014151096343994e-01
1.436170339584350586e-01
1.569569259881973267e-01
1.466839462518692017e-01
2.573349475860595703e-01
1.034452468156814575e-01
2.536159455776214600e-01
1.446637660264968872e-01
9.527181833982467651e-02
1.337907761335372925e-01
1.045307591557502747e-01
9.982985258102416992e-02
2.020593583583831787e-01
5.462833866477012634e-02
5.399205908179283142e-02
9.101565927267074585e-02
1.325909048318862915e-01
1.948266178369522095e-01
1.390977352857589722e-01
6.022728607058525085e-02
2.378121912479400635e-01
1.028319075703620911e-01
1.051718369126319885e-01
4.941060766577720642e-02
1.153636723756790161e-01
7.766948640346527100e-02
7.889284193515777588e-02
8.355963975191116333e-02
1.893624812364578247e-01
2.432192414999008179e-01
6.009069085121154785e-02
8.758735656738281250e-02
9.319327771663665771e-02
2.315847128629684448e-01
1.105552241206169128e-01
1.025825142860412598e-01
1.293531209230422974e-01
6.328064948320388794e-02
1.535578072071075439e-01
5.212563648819923401e-02
7.851237058639526367e-02
1.244378387928009033e-01
9.744289517402648926e-02
1.185313090682029724e-01
1.258103996515274048e-01
7.112298160791397095e-02
1.362753808498382568e-01
9.247336536645889282e-02
2.436723858118057251e-01
1.802596896886825562e-01
1.628524065017700195e-01
1.365633904933929443e-01
1.324383318424224854e-01
9.322319179773330688e-02
1.871953606605529785e-01
1.381007283926010132e-01
1.340102553367614746e-01
1.977558881044387817e-01
6.431940943002700806e-02
8.658240735530853271e-02
9.640283882617950439e-02
1.239992976188659668e-01
6.809041649103164673e-02
8.787980675697326660e-02
8.492675423622131348e-02
5.708071589469909668e-02
1.456588953733444214e-01
1.219523847103118896e-01
9.797038882970809937e-02
1.066574305295944214e-01
6.422536820173263550e-02
3.638036251068115234e-01
7.735245674848556519e-02
5.883771181106567383e-02
5.499684810638427734e-02
9.849458187818527222e-02
2.175022512674331665e-01
1.884670555591583252e-01
5.418955534696578979e-02
2.186696529388427734e-01
1.862916648387908936e-01
8.541698008775711060e-02
8.368396013975143433e-02
1.596464663743972778e-01
1.275265365839004517e-01
1.091679334640502930e-01
1.194213926792144775e-01
1.111609414219856262e-01
1.649660468101501465e-01
1.110601052641868591e-01
1.063613668084144592e-01
1.252060830593109131e-01
2.596542835235595703e-01
1.399421840906143188e-01
1.043612211942672729e-01
8.161012083292007446e-02
1.178908646106719971e-01
1.675733923912048340e-01
2.650019228458404541e-01
1.067348793148994446e-01
2.188928872346878052e-01
9.569996595382690430e-02
1.079427078366279602e-01
1.028616055846214294e-01
1.257304251194000244e-01
1.027946174144744873e-01
2.100504189729690552e-01
8.331838250160217285e-02
2.189643234014511108e-01
6.762268394231796265e-02
1.529362797737121582e-01
1.753229349851608276e-01
1.960908919572830200e-01
9.888607263565063477e-02
1.457392126321792603e-01
1.288213729858398438e-01
1.171025708317756653e-01
1.083582043647766113e-01
5.988251417875289917e-02
1.180326715111732483e-01
2.329217940568923950e-01
1.205574348568916321e-01
1.617816686630249023e-01
1.587128043174743652e-01
6.713555008172988892e-02
9.237783402204513550e-02
7.658512890338897705e-02
9.146284312009811401e-02
1.519881486892700195e-01
1.134550571441650391e-01
6.098936498165130615e-02
1.654430776834487915e-01
1.001382917165756226e-01
1.286705881357192993e-01
1.076273098587989807e-01
8.993081003427505493e-02
9.390052407979965210e-02
9.018297493457794189e-02
1.711119711399078369e-01
8.238486200571060181e-02
1.447729617357254028e-01
1.403287947177886963e-01
1.712436825037002563e-01
1.526835858821868896e-01
1.319722086191177368e-01
9.779438376426696777e-02
9.632966667413711548e-02
1.000693067908287048e-01
1.257488727569580078e-01
6.734470278024673462e-02
3.645309209823608398e-01
2.490725666284561157e-01
1.849613040685653687e-01
2.025799751281738281e-01
8.804093301296234131e-02
9.204934537410736084e-02
3.098989427089691162e-01
1.872170865535736084e-01
1.424983590841293335e-01
8.372817933559417725e-02
9.428972005844116211e-02
1.483697742223739624e-01
1.782340705394744873e-01
1.971503794193267822e-01
2.050434350967407227e-01
3.050651252269744873e-01
1.494861692190170288e-01
9.391991794109344482e-02
1.422016769647598267e-01
1.607637107372283936e-01
2.818210422992706299e-01
1.176639795303344727e-01
1.399503946304321289e-01
1.217226460576057434e-01
1.303131431341171265e-01
8.842930942773818970e-02
6.636951118707656860e-02
1.008766070008277893e-01
8.050328493118286133e-02
9.613844007253646851e-02
1.303629875183105469e-01
1.088973060250282288e-01
7.155796140432357788e-02
1.444314867258071899e-01
7.349903881549835205e-02
1.111102923750877380e-01
2.853536009788513184e-01
8.101852983236312866e-02
3.303608000278472900e-01
6.446734815835952759e-02
5.877005308866500854e-02
1.578478366136550903e-01
1.358141899108886719e-01
9.457077831029891968e-02
5.296899378299713135e-02
2.003324180841445923e-01
8.681893348693847656e-02
1.125855520367622375e-01
1.689232140779495239e-01
1.042223945260047913e-01
1.603426784276962280e-01
9.981929510831832886e-02
1.439645737409591675e-01
1.174502819776535034e-01
9.167411923408508301e-02
1.515425741672515869e-01
9.643702954053878784e-02
2.686094343662261963e-01
9.098862111568450928e-02
2.002312839031219482e-01
1.029332354664802551e-01
1.249551698565483093e-01
7.104776799678802490e-02
1.033371388912200928e-01
7.200734317302703857e-02
2.636961340904235840e-01
1.628543585538864136e-01
1.390022039413452148e-01
9.423438459634780884e-02
1.182456314563751221e-01
8.673394471406936646e-02
5.996998772025108337e-02
1.135164126753807068e-01
8.934581279754638672e-02
1.085671111941337585e-01
1.166443079710006714e-01
9.300239384174346924e-02
2.026295959949493408e-01
2.223142087459564209e-01
8.134488016366958618e-02
1.367413550615310669e-01
1.606672108173370361e-01
1.702298223972320557e-01
1.964017450809478760e-01
9.730803966522216797e-02
1.339965909719467163e-01
1.047208160161972046e-01
1.888576298952102661e-01
1.362778991460800171e-01
9.595720469951629639e-02
1.607196033000946045e-01
6.560514867305755615e-02
2.063071727752685547e-01
1.457964777946472168e-01
6.506539881229400635e-02
8.161865919828414917e-02
1.645097285509109497e-01
1.196159273386001587e-01
7.272401452064514160e-02
1.726880818605422974e-01
1.274370104074478149e-01
1.167837977409362793e-01
1.804472655057907104e-01
5.897068977355957031e-02
1.285166144371032715e-01
1.541397273540496826e-01
7.173003256320953369e-02
1.309802681207656860e-01
1.076402217149734497e-01
1.020066589117050171e-01
1.812311410903930664e-01
1.441492140293121338e-01
1.460786163806915283e-01
5.291983112692832947e-02
1.949987709522247314e-01
9.176960587501525879e-02
1.037290617823600769e-01
1.442228108644485474e-01
6.470579653978347778e-02
1.904134303331375122e-01
9.949085861444473267e-02
1.197094544768333435e-01
7.777149230241775513e-02
1.898431628942489624e-01
5.341194197535514832e-02
1.113193333148956299e-01
7.684415578842163086e-02
6.897077709436416626e-02
8.568350970745086670e-02
8.911377936601638794e-02
1.046149283647537231e-01
1.370289325714111328e-01
9.470570087432861328e-02
1.284776628017425537e-01
1.572081297636032104e-01
1.128003224730491638e-01
1.335346996784210205e-01
1.883744299411773682e-01
1.213211566209793091e-01
8.257637917995452881e-02
1.778725534677505493e-01
1.630105227231979370e-01
1.795727163553237915e-01
1.198863089084625244e-01
2.023875564336776733e-01
7.815311104059219360e-02
1.528440564870834351e-01
7.310019433498382568e-02
7.555180042982101440e-02
1.356861442327499390e-01
1.051196455955505371e-01
1.025104820728302002e-01
1.073004603385925293e-01
1.940857172012329102e-01
9.012133628129959106e-02
1.264643967151641846e-01
3.226352334022521973e-01
1.190161705017089844e-01
1.190306544303894043e-01
2.776151299476623535e-01
1.583892852067947388e-01
1.610626578330993652e-01
1.025445833802223206e-01
1.522606611251831055e-01
1.722527295351028442e-01
1.205865591764450073e-01
9.174060076475143433e-02
1.597382724285125732e-01
7.929907739162445068e-02
2.012872844934463501e-01
1.288059353828430176e-01
1.651335954666137695e-01
2.352053821086883545e-01
2.262523621320724487e-01
2.468631714582443237e-01
1.002591624855995178e-01
1.455789506435394287e-01
1.525118649005889893e-01
8.917608112096786499e-02
1.694489270448684692e-01
1.432176679372787476e-01
2.156674712896347046e-01
4.233011975884437561e-02
1.448544859886169434e-01
1.059966832399368286e-01
1.345115453004837036e-01
2.767393290996551514e-01
9.425165504217147827e-02
1.853817850351333618e-01
1.168415620923042297e-01
6.494951993227005005e-02
1.227988228201866150e-01
9.653131663799285889e-02
1.982583850622177124e-01
7.395272701978683472e-02
7.173557579517364502e-02
9.410414099693298340e-02
2.027486264705657959e-01
1.108527630567550659e-01
1.525177359580993652e-01
1.093535050749778748e-01
1.759488433599472046e-01
8.525057137012481689e-02
3.569532334804534912e-01
6.566829979419708252e-02
1.003921702504158020e-01
1.674415022134780884e-01
1.254227757453918457e-01
1.211741864681243896e-01
8.541010320186614990e-02
1.129646822810173035e-01
9.462633728981018066e-02
1.346981227397918701e-01
1.122805178165435791e-01
7.692210376262664795e-02
1.138474568724632263e-01
6.139620393514633179e-02
1.491736322641372681e-01
2.139417976140975952e-01
2.017751634120941162e-01
1.880863755941390991e-01
1.265003681182861328e-01
1.222226098179817200e-01
6.675883382558822632e-02
1.347513794898986816e-01
1.774208843708038330e-01
1.173396557569503784e-01
4.959962144494056702e-02
1.159423738718032837e-01
9.383336454629898071e-02
6.564284116029739380e-02
6.652481108903884888e-02
1.659554541110992432e-01
9.764572232961654663e-02
1.166939064860343933e-01
7.928767055273056030e-02
1.132813170552253723e-01
1.398432254791259766e-01
1.611854285001754761e-01
1.504554748535156250e-01
1.614737957715988159e-01
9.320500493049621582e-02
1.588265597820281982e-01
1.227996572852134705e-01
1.117599606513977051e-01
1.611008346080780029e-01
2.132198661565780640e-01
3.899250030517578125e-01
1.270979940891265869e-01
2.012490481138229370e-01
6.213355436921119690e-02
8.417154848575592041e-02
1.587847471237182617e-01
7.316720485687255859e-02
1.335773617029190063e-01
7.881872355937957764e-02
1.245035156607627869e-01
1.569088995456695557e-01
1.475544422864913940e-01
1.306729763746261597e-01
1.110098063945770264e-01
1.992248445749282837e-01
1.085004732012748718e-01
1.370084434747695923e-01
1.446361243724822998e-01
1.118153259158134460e-01
1.102753281593322754e-01
1.272274851799011230e-01
9.356076270341873169e-02
6.496861577033996582e-02
1.040037944912910461e-01
1.660338938236236572e-01
1.192943900823593140e-01
2.371643036603927612e-01
1.195015162229537964e-01
9.291152656078338623e-02
1.727849692106246948e-01
4.844525083899497986e-02
4.083235189318656921e-02
