9.614380002021789551e-01
7.252498865127563477e-01
5.159320831298828125e-01
6.845090389251708984e-01
6.640757322311401367e-01
1.006966829299926758e+00
9.019498825073242188e-01
7.827153801918029785e-01
1.394458293914794922e+00
5.851848125457763672e-01
7.034279108047485352e-01
1.011158943176269531e+00
9.207798242568969727e-01
7.575851678848266602e-01
9.428145885467529297e-01
8.705378770828247070e-01
4.466585814952850342e-01
4.189439117908477783e-01
1.288972854614257812e+00
6.396121382713317871e-01
7.289418578147888184e-01
1.026634812355041504e+00
5.539538860321044922e-01
9.063780903816223145e-01
7.749056816101074219e-01
8.437237739562988281e-01
1.008559107780456543e+00
8.813846111297607422e-01
1.046470403671264648e+00
7.036364078521728516e-01
7.244405150413513184e-01
7.920621037483215332e-01
8.407548069953918457e-01
6.007604002952575684e-01
1.088451266288757324e+00
8.154553771018981934e-01
7.999517321586608887e-01
1.368470311164855957e+00
1.259331941604614258e+00
8.525049090385437012e-01
7.229479551315307617e-01
5.409227013587951660e-01
8.973903059959411621e-01
1.377335548400878906e+00
8.917391896247863770e-01
6.111518144607543945e-01
1.026409626007080078e+00
7.321340441703796387e-01
1.250118851661682129e+00
1.082377552986145020e+00
1.174044251441955566e+00
4.763546884059906006e-01
8.341240286827087402e-01
8.700863122940063477e-01
6.887851953506469727e-01
9.038150310516357422e-01
1.156028270721435547e+00
8.514891862869262695e-01
1.063956618309020996e+00
4.459705054759979248e-01
1.101373434066772461e+00
7.737763524055480957e-01
8.219919800758361816e-01
9.851365089416503906e-01
5.140414834022521973e-01
9.438938498497009277e-01
4.601055085659027100e-01
9.072924256324768066e-01
7.677544951438903809e-01
6.879370212554931641e-01
7.397078871726989746e-01
7.240314483642578125e-01
7.671618461608886719e-01
7.727559804916381836e-01
9.613178968429565430e-01
6.848415732383728027e-01
1.109949469566345215e+00
1.275541782379150391e+00
1.311170101165771484e+00
8.266533017158508301e-01
8.478699326515197754e-01
8.665711283683776855e-01
9.036800861358642578e-01
5.098943710327148438e-01
1.010578751564025879e+00
8.179222941398620605e-01
7.893707752227783203e-01
1.019589304924011230e+00
9.452750086784362793e-01
7.855002880096435547e-01
6.539766192436218262e-01
4.480284452438354492e-01
1.182491183280944824e+00
7.276031374931335449e-01
6.841394305229187012e-01
8.481826782226562500e-01
6.072892546653747559e-01
6.362568140029907227e-01
9.875379204750061035e-01
6.501897573471069336e-01
4.750086069107055664e-01
7.466634511947631836e-01
7.346084713935852051e-01
1.041639328002929688e+00
6.726477146148681641e-01
9.443389773368835449e-01
9.465696215629577637e-01
1.080562353134155273e+00
8.432368636131286621e-01
1.178857922554016113e+00
5.140876173973083496e-01
6.551215648651123047e-01
8.647615909576416016e-01
1.293037414550781250e+00
1.297857880592346191e+00
5.000361204147338867e-01
1.038457393646240234e+00
1.437729835510253906e+00
1.133008122444152832e+00
9.600733518600463867e-01
9.863538146018981934e-01
1.079460263252258301e+00
7.027605175971984863e-01
7.139887213706970215e-01
8.911883831024169922e-01
5.281007885932922363e-01
7.151048779487609863e-01
6.295689940452575684e-01
9.745609760284423828e-01
1.305048704147338867e+00
1.124819993972778320e+00
6.087508797645568848e-01
7.133677601814270020e-01
6.528500914573669434e-01
3.056747615337371826e-01
9.296644330024719238e-01
1.089842796325683594e+00
3.746922612190246582e-01
4.718826413154602051e-01
7.023008465766906738e-01
1.037656784057617188e+00
6.637060046195983887e-01
1.025122523307800293e+00
6.155408024787902832e-01
8.976939320564270020e-01
6.105408072471618652e-01
6.113246083259582520e-01
9.412479996681213379e-01
8.726800084114074707e-01
6.894361972808837891e-01
9.938905239105224609e-01
7.108885049819946289e-01
5.239454507827758789e-01
7.600993514060974121e-01
6.770767569541931152e-01
6.216291785240173340e-01
1.115674853324890137e+00
9.503042101860046387e-01
1.131630063056945801e+00
8.239749670028686523e-01
7.857707142829895020e-01
9.158761501312255859e-01
8.194021582603454590e-01
1.096766829490661621e+00
5.773735046386718750e-01
1.009626984596252441e+00
7.859731912612915039e-01
8.970315456390380859e-01
1.146141052246093750e+00
6.870527863502502441e-01
9.169105291366577148e-01
7.670143842697143555e-01
8.528916835784912109e-01
1.099436283111572266e+00
5.672965645790100098e-01
1.732204198837280273e+00
9.366772174835205078e-01
6.749287843704223633e-01
9.429320693016052246e-01
1.179458618164062500e+00
7.091803550720214844e-01
7.593473792076110840e-01
9.034852385520935059e-01
7.465908527374267578e-01
4.311487972736358643e-01
9.945890307426452637e-01
7.923091650009155273e-01
5.030111074447631836e-01
1.239412784576416016e+00
5.206577181816101074e-01
7.187778949737548828e-01
6.822817921638488770e-01
1.052451372146606445e+00
9.387086033821105957e-01
6.564830541610717773e-01
4.618417918682098389e-01
7.987439632415771484e-01
5.098221302032470703e-01
5.929811000823974609e-01
7.905299663543701172e-01
1.139387369155883789e+00
7.206681966781616211e-01
1.183403849601745605e+00
7.383947372436523438e-01
8.085953593254089355e-01
8.785886764526367188e-01
6.864343881607055664e-01
8.981430530548095703e-01
7.873612642288208008e-01
8.031257390975952148e-01
8.994628787040710449e-01
9.825807213783264160e-01
9.573638439178466797e-01
7.245894074440002441e-01
9.184369444847106934e-01
7.971550822257995605e-01
6.265617012977600098e-01
7.225324511528015137e-01
1.050169825553894043e+00
4.244378805160522461e-01
1.079098701477050781e+00
7.636654973030090332e-01
1.125737786293029785e+00
6.063876152038574219e-01
5.779099464416503906e-01
7.842326164245605469e-01
1.245387315750122070e+00
1.043412566184997559e+00
7.691420316696166992e-01
7.438484430313110352e-01
6.339972019195556641e-01
3.762703835964202881e-01
7.328415513038635254e-01
1.217073082923889160e+00
6.427536606788635254e-01
1.184815526008605957e+00
7.224060297012329102e-01
4.606015980243682861e-01
3.062624633312225342e-01
8.936192393302917480e-01
6.895456910133361816e-01
4.935836493968963623e-01
8.826450109481811523e-01
8.462167382240295410e-01
4.280760884284973145e-01
9.362068176269531250e-01
6.945915222167968750e-01
8.227087259292602539e-01
7.568674087524414062e-01
6.456728577613830566e-01
1.103873252868652344e+00
1.174245595932006836e+00
1.272524476051330566e+00
1.087517142295837402e+00
8.110061287879943848e-01
8.151906132698059082e-01
