9.992313981056213379e-01
9.958075881004333496e-01
9.989629983901977539e-01
1.001172423362731934e+00
1.001332402229309082e+00
9.986762404441833496e-01
9.990530014038085938e-01
1.000854849815368652e+00
9.983587861061096191e-01
1.000163316726684570e+00
1.001822113990783691e+00
1.001497864723205566e+00
9.966794252395629883e-01
9.994284510612487793e-01
1.000806689262390137e+00
1.002067685127258301e+00
1.000705242156982422e+00
9.992357492446899414e-01
9.975060224533081055e-01
9.977230429649353027e-01
9.977605342864990234e-01
9.987563490867614746e-01
1.000171780586242676e+00
1.004099607467651367e+00
1.001965284347534180e+00
9.974207282066345215e-01
1.002066373825073242e+00
1.002733230590820312e+00
9.982092380523681641e-01
1.000436067581176758e+00
1.000209212303161621e+00
1.002583980560302734e+00
1.003547549247741699e+00
1.004199028015136719e+00
9.998120069503784180e-01
9.981198310852050781e-01
1.000610828399658203e+00
1.000012040138244629e+00
9.972065091133117676e-01
1.001697897911071777e+00
1.000648498535156250e+00
1.003309607505798340e+00
1.002309679985046387e+00
1.003016233444213867e+00
1.000348448753356934e+00
1.000338792800903320e+00
1.001009821891784668e+00
9.987871050834655762e-01
9.979194402694702148e-01
1.000458955764770508e+00
1.000087738037109375e+00
9.984183907508850098e-01
1.002209305763244629e+00
9.982819557189941406e-01
1.001077055931091309e+00
9.986169338226318359e-01
9.975296258926391602e-01
9.980673193931579590e-01
1.000431299209594727e+00
9.981419444084167480e-01
1.000810623168945312e+00
1.000427961349487305e+00
1.002622723579406738e+00
9.993411302566528320e-01
1.000347375869750977e+00
9.983198046684265137e-01
9.980969429016113281e-01
9.982500672340393066e-01
9.977782368659973145e-01
1.000024199485778809e+00
9.978759288787841797e-01
9.985119700431823730e-01
9.960227608680725098e-01
9.990469217300415039e-01
9.999193549156188965e-01
9.983701705932617188e-01
9.994850754737854004e-01
9.998669028282165527e-01
1.000935792922973633e+00
9.986554384231567383e-01
9.980582594871520996e-01
9.974656105041503906e-01
1.000129222869873047e+00
9.982156753540039062e-01
1.001389384269714355e+00
9.986955523490905762e-01
9.989262819290161133e-01
9.977933168411254883e-01
9.983209371566772461e-01
1.005310416221618652e+00
9.991873502731323242e-01
9.997197985649108887e-01
9.976580739021301270e-01
1.002353429794311523e+00
9.994822740554809570e-01
1.003525137901306152e+00
1.000782847404479980e+00
1.003858089447021484e+00
1.000904440879821777e+00
1.000414490699768066e+00
1.000456452369689941e+00
1.001814246177673340e+00
1.002600193023681641e+00
1.004604220390319824e+00
1.000492811203002930e+00
9.997133612632751465e-01
9.994648694992065430e-01
9.999875426292419434e-01
9.972606301307678223e-01
9.979955554008483887e-01
9.981957077980041504e-01
1.000041007995605469e+00
1.004244446754455566e+00
1.000132679939270020e+00
1.000448346138000488e+00
9.967051744461059570e-01
9.984660744667053223e-01
1.000097751617431641e+00
9.996880292892456055e-01
1.001946449279785156e+00
9.985801577568054199e-01
1.000352382659912109e+00
1.005284786224365234e+00
1.000556826591491699e+00
9.977104067802429199e-01
1.002324819564819336e+00
9.987720847129821777e-01
9.998645186424255371e-01
1.002892374992370605e+00
1.000340700149536133e+00
1.001632928848266602e+00
1.000647783279418945e+00
9.979490041732788086e-01
9.981859326362609863e-01
9.985250234603881836e-01
9.986461997032165527e-01
9.996691346168518066e-01
1.000612854957580566e+00
9.996120333671569824e-01
9.992191195487976074e-01
1.001427769660949707e+00
9.958761930465698242e-01
9.972827434539794922e-01
9.987932443618774414e-01
1.005368947982788086e+00
1.000901103019714355e+00
1.000361561775207520e+00
9.985051155090332031e-01
9.992790818214416504e-01
1.004529833793640137e+00
9.986243247985839844e-01
1.002819538116455078e+00
1.000858426094055176e+00
1.000563859939575195e+00
9.975835680961608887e-01
9.988852739334106445e-01
9.998812079429626465e-01
9.992184042930603027e-01
1.004994630813598633e+00
9.976574182510375977e-01
1.001113891601562500e+00
9.995858669281005859e-01
1.000013828277587891e+00
1.001698851585388184e+00
1.001679778099060059e+00
9.948565959930419922e-01
9.995566010475158691e-01
1.002289533615112305e+00
1.002996087074279785e+00
1.002530813217163086e+00
1.002007842063903809e+00
1.001595616340637207e+00
1.002480149269104004e+00
1.000024914741516113e+00
1.003772139549255371e+00
1.000539660453796387e+00
9.996812343597412109e-01
1.000600814819335938e+00
9.998485445976257324e-01
9.991601705551147461e-01
1.000593781471252441e+00
1.001204848289489746e+00
1.000874757766723633e+00
9.986817836761474609e-01
9.970449805259704590e-01
9.976673722267150879e-01
9.964159727096557617e-01
1.002105951309204102e+00
1.002132177352905273e+00
9.984902143478393555e-01
9.994627833366394043e-01
9.982053041458129883e-01
1.001292586326599121e+00
9.970158934593200684e-01
1.000113248825073242e+00
1.003977894783020020e+00
9.990015625953674316e-01
9.990533590316772461e-01
9.986499547958374023e-01
1.002277731895446777e+00
9.994944334030151367e-01
1.003258109092712402e+00
9.983355998992919922e-01
9.996396899223327637e-01
1.001873850822448730e+00
1.000512003898620605e+00
1.000336527824401855e+00
9.978338479995727539e-01
9.980186223983764648e-01
9.964210391044616699e-01
9.993151426315307617e-01
1.000967741012573242e+00
1.001589298248291016e+00
1.001637220382690430e+00
9.994573593139648438e-01
1.001219749450683594e+00
9.996007680892944336e-01
1.001525521278381348e+00
9.956509470939636230e-01
1.003055334091186523e+00
9.988867044448852539e-01
9.993172287940979004e-01
1.001124024391174316e+00
1.000020503997802734e+00
1.002371907234191895e+00
1.000261306762695312e+00
9.975847601890563965e-01
9.985533952713012695e-01
9.969227910041809082e-01
9.994901418685913086e-01
9.989157319068908691e-01
9.979888200759887695e-01
1.001554131507873535e+00
1.000278711318969727e+00
9.986073970794677734e-01
1.001161217689514160e+00
9.970752596855163574e-01
9.991194009780883789e-01
1.006230711936950684e+00
9.993045330047607422e-01
9.956020712852478027e-01
1.002524137496948242e+00
9.991443157196044922e-01
9.965370893478393555e-01
9.981651902198791504e-01
9.990593791007995605e-01
9.985368251800537109e-01
9.981082081794738770e-01
9.988623261451721191e-01
1.002375721931457520e+00
9.996951818466186523e-01
1.000129342079162598e+00
9.998124837875366211e-01
1.000001549720764160e+00
1.000609755516052246e+00
9.995626807212829590e-01
1.000066995620727539e+00
1.005593895912170410e+00
9.996506571769714355e-01
9.977868795394897461e-01
9.975020885467529297e-01
1.000573396682739258e+00
9.963695406913757324e-01
9.995907545089721680e-01
1.001283049583435059e+00
9.958114624023437500e-01
9.999676942825317383e-01
9.998340606689453125e-01
1.000490903854370117e+00
1.001611709594726562e+00
1.000811576843261719e+00
9.990009665489196777e-01
1.003159046173095703e+00
9.979490637779235840e-01
9.985021948814392090e-01
1.000713586807250977e+00
1.001911878585815430e+00
9.997891783714294434e-01
9.975749850273132324e-01
1.001579761505126953e+00
9.966664910316467285e-01
1.000949263572692871e+00
9.973602890968322754e-01
9.983175396919250488e-01
1.001012325286865234e+00
1.003451943397521973e+00
9.959045052528381348e-01
1.001363992691040039e+00
9.985094666481018066e-01
1.005543589591979980e+00
1.000085353851318359e+00
1.000355720520019531e+00
9.992398023605346680e-01
1.000026702880859375e+00
1.000961422920227051e+00
9.971442222595214844e-01
1.000415921211242676e+00
9.976217150688171387e-01
9.962898492813110352e-01
1.000068545341491699e+00
9.992181658744812012e-01
1.000996708869934082e+00
9.989497661590576172e-01
9.997826218605041504e-01
1.001603484153747559e+00
9.982650279998779297e-01
1.000435233116149902e+00
1.001896023750305176e+00
9.986473917961120605e-01
1.001861929893493652e+00
9.991314411163330078e-01
9.984869956970214844e-01
9.988980889320373535e-01
1.002581000328063965e+00
1.003109097480773926e+00
9.989671111106872559e-01
1.000175237655639648e+00
9.994125962257385254e-01
1.001396656036376953e+00
1.000921249389648438e+00
1.000781297683715820e+00
1.001180768013000488e+00
9.996522068977355957e-01
9.982826709747314453e-01
9.962722659111022949e-01
9.971436858177185059e-01
1.003574967384338379e+00
1.001760244369506836e+00
9.972993135452270508e-01
9.994273185729980469e-01
9.983459115028381348e-01
9.984546899795532227e-01
1.003715991973876953e+00
9.995776414871215820e-01
9.964373111724853516e-01
9.988441467285156250e-01
1.004501461982727051e+00
1.000609636306762695e+00
1.000718832015991211e+00
1.000244140625000000e+00
9.989701509475708008e-01
9.996187090873718262e-01
1.000176072120666504e+00
9.996364712715148926e-01
9.994854331016540527e-01
9.979616403579711914e-01
9.985070824623107910e-01
1.002906680107116699e+00
1.001075267791748047e+00
9.977539777755737305e-01
1.006065249443054199e+00
1.001107573509216309e+00
1.001730322837829590e+00
1.000451445579528809e+00
1.003516077995300293e+00
9.967374801635742188e-01
1.004444718360900879e+00
9.985866546630859375e-01
9.995808601379394531e-01
1.000666975975036621e+00
9.978799223899841309e-01
9.990274906158447266e-01
9.975329041481018066e-01
1.003280639648437500e+00
1.003175020217895508e+00
9.946141839027404785e-01
1.002002000808715820e+00
1.002668976783752441e+00
1.002311348915100098e+00
1.000402927398681641e+00
1.005859494209289551e+00
1.000060081481933594e+00
1.002359509468078613e+00
1.001931667327880859e+00
9.992561936378479004e-01
9.985548853874206543e-01
1.005347609519958496e+00
9.986765384674072266e-01
1.000096440315246582e+00
9.997663497924804688e-01
9.981219172477722168e-01
1.001907706260681152e+00
1.000395655632019043e+00
9.989805221557617188e-01
1.001733303070068359e+00
9.979812502861022949e-01
1.001558780670166016e+00
9.953382611274719238e-01
9.947524666786193848e-01
1.000244975090026855e+00
9.980272054672241211e-01
1.003452658653259277e+00
1.000800132751464844e+00
9.972169399261474609e-01
9.984114766120910645e-01
9.976535439491271973e-01
9.987786412239074707e-01
9.970410466194152832e-01
9.999368786811828613e-01
9.996154308319091797e-01
1.000996351242065430e+00
9.965341687202453613e-01
1.000880241394042969e+00
1.003819942474365234e+00
9.971689581871032715e-01
9.973122477531433105e-01
1.000835895538330078e+00
1.003628134727478027e+00
9.966698884963989258e-01
1.000699281692504883e+00
9.995448589324951172e-01
1.000018119812011719e+00
9.970766901969909668e-01
1.000268220901489258e+00
1.000177383422851562e+00
9.997569918632507324e-01
9.975881576538085938e-01
1.000141739845275879e+00
1.004395365715026855e+00
1.001309871673583984e+00
1.000416398048400879e+00
1.002103805541992188e+00
9.976177215576171875e-01
1.004042267799377441e+00
1.001881003379821777e+00
1.001518011093139648e+00
1.001987576484680176e+00
9.994805455207824707e-01
1.001536846160888672e+00
9.994243979454040527e-01
9.977325797080993652e-01
1.003290891647338867e+00
9.992440342903137207e-01
9.981682896614074707e-01
1.002959132194519043e+00
9.976659417152404785e-01
9.989979267120361328e-01
9.989109039306640625e-01
9.973173141479492188e-01
1.000248074531555176e+00
9.980416297912597656e-01
9.987507462501525879e-01
9.992865324020385742e-01
1.000991106033325195e+00
9.967108368873596191e-01
1.000098466873168945e+00
9.988184571266174316e-01
9.976540207862854004e-01
1.001134872436523438e+00
1.002189040184020996e+00
1.000392675399780273e+00
1.002426505088806152e+00
9.969925284385681152e-01
9.981429576873779297e-01
9.955777525901794434e-01
1.001377582550048828e+00
1.000921130180358887e+00
9.998158216476440430e-01
1.001202821731567383e+00
1.001372098922729492e+00
9.979292154312133789e-01
9.998311400413513184e-01
1.001939177513122559e+00
1.001240134239196777e+00
9.993174076080322266e-01
1.000052332878112793e+00
9.991020560264587402e-01
1.004416346549987793e+00
1.006131291389465332e+00
9.958822727203369141e-01
9.983415603637695312e-01
9.979287385940551758e-01
9.979427456855773926e-01
9.959656596183776855e-01
1.000565767288208008e+00
1.000365734100341797e+00
1.003253102302551270e+00
1.001536965370178223e+00
9.983373284339904785e-01
9.985602498054504395e-01
1.004112005233764648e+00
9.983800649642944336e-01
1.001755595207214355e+00
1.000104308128356934e+00
1.000359177589416504e+00
9.964247345924377441e-01
1.002603292465209961e+00
9.997789859771728516e-01
9.991435408592224121e-01
1.000013947486877441e+00
1.001864790916442871e+00
1.002752780914306641e+00
1.000449061393737793e+00
1.002919912338256836e+00
1.001202702522277832e+00
1.001929640769958496e+00
1.003149628639221191e+00
9.969877600669860840e-01
1.003690600395202637e+00
9.981025457382202148e-01
9.993090629577636719e-01
1.000533580780029297e+00
9.995964169502258301e-01
1.000922322273254395e+00
1.000766754150390625e+00
1.001350522041320801e+00
1.000736951828002930e+00
9.988409280776977539e-01
1.001298069953918457e+00
9.990767836570739746e-01
9.977676272392272949e-01
1.000816583633422852e+00
