2.271039038896560669e-01
1.625957787036895752e-01
-1.761216372251510620e-01
3.461316227912902832e-01
-1.160026416182518005e-01
-1.751720756292343140e-01
3.145846351981163025e-02
-1.582803577184677124e-01
6.449069827795028687e-02
2.880155667662620544e-02
-2.550502717494964600e-01
-1.107641682028770447e-01
-3.623807728290557861e-01
-1.767676472663879395e-01
-2.109418362379074097e-01
-3.683706820011138916e-01
-1.231592297554016113e-01
1.348411589860916138e-01
3.108766674995422363e-01
-4.483360946178436279e-01
-2.114824764430522919e-02
-3.151869773864746094e-01
-6.508469581604003906e-02
-2.685295343399047852e-01
1.656504273414611816e-01
1.816603988409042358e-01
1.006040815263986588e-02
-2.689603567123413086e-01
2.677864730358123779e-01
-8.504157513380050659e-02
-1.059022396802902222e-01
-2.762724459171295166e-01
-2.871956229209899902e-01
-4.348242282867431641e-01
1.781743317842483521e-01
1.551589965820312500e-01
-5.208194851875305176e-01
4.566768109798431396e-01
-1.150096207857131958e-01
-9.659485518932342529e-02
-4.571217298507690430e-01
1.968306899070739746e-01
-2.347256690263748169e-01
-6.734829396009445190e-02
-3.427946865558624268e-01
3.281812369823455811e-01
-1.804724186658859253e-01
-1.140708327293395996e-01
-5.409234166145324707e-01
2.091125212609767914e-02
3.779600858688354492e-01
-2.897758781909942627e-01
2.924099266529083252e-01
-1.398399323225021362e-01
-9.189619868993759155e-02
3.350748121738433838e-01
-5.662185698747634888e-02
-2.985395304858684540e-02
-4.927232563495635986e-01
-1.741990596055984497e-01
-1.275843083858489990e-01
-3.364175856113433838e-01
2.196464091539382935e-01
-1.155885159969329834e-01
2.320839315652847290e-01
-1.693957597017288208e-01
7.213530130684375763e-03
-5.286064371466636658e-02
-3.520995080471038818e-01
1.460029035806655884e-01
1.157685667276382446e-01
5.620606541633605957e-01
-2.919198572635650635e-01
1.739354878664016724e-01
4.422171041369438171e-02
2.074613422155380249e-01
1.221136823296546936e-01
4.386975765228271484e-01
-2.436381280422210693e-01
4.373127520084381104e-01
-2.668004035949707031e-01
5.743469577282667160e-03
-5.499580502510070801e-01
-6.029501557350158691e-01
-3.063639700412750244e-01
2.131172269582748413e-01
-3.709250688552856445e-01
-1.802000254392623901e-01
4.745932221412658691e-01
2.533413097262382507e-02
-1.464382559061050415e-01
-9.261211007833480835e-02
-4.306824877858161926e-02
-1.798065155744552612e-01
1.206402033567428589e-01
3.232118859887123108e-02
-9.849656373262405396e-02
5.831482261419296265e-02
-1.482476573437452316e-02
-3.246919512748718262e-01
1.957109272480010986e-01
-1.084649860858917236e-01
3.699489235877990723e-01
2.666014134883880615e-01
3.544341921806335449e-01
-6.341588497161865234e-02
1.189455613493919373e-01
-7.796823978424072266e-02
-1.267213821411132812e-01
2.306498736143112183e-01
-1.656479090452194214e-01
-1.290472596883773804e-01
-4.358649998903274536e-02
-1.664314717054367065e-01
-5.610179901123046875e-02
-1.150351017713546753e-01
8.041090331971645355e-03
8.077438920736312866e-02
-8.901365101337432861e-03
1.504415422677993774e-01
-2.266817912459373474e-02
9.995194524526596069e-02
2.236770391464233398e-01
-1.616323441267013550e-01
1.641598902642726898e-02
7.617276906967163086e-01
-1.724525392055511475e-01
1.612008363008499146e-02
-1.149405539035797119e-01
-7.242671251296997070e-01
-8.200497180223464966e-02
-1.726747453212738037e-01
-4.006411135196685791e-02
-1.232361122965812683e-01
2.185582816600799561e-01
-3.384510874748229980e-01
-3.313105404376983643e-01
9.920516982674598694e-03
-3.383589386940002441e-01
1.806854903697967529e-01
-2.190962582826614380e-01
-4.806639552116394043e-01
3.440373390913009644e-02
3.473868668079376221e-01
9.392011165618896484e-02
-3.628129959106445312e-01
-2.520662546157836914e-01
5.339434742927551270e-01
-1.648240350186824799e-02
-3.058906458318233490e-02
4.826311171054840088e-01
-5.044072121381759644e-02
2.886630967259407043e-02
5.109651088714599609e-01
-2.184803932905197144e-01
1.776807904243469238e-01
2.358971685171127319e-01
2.542968690395355225e-01
2.129879742860794067e-01
5.502067804336547852e-01
-5.107574462890625000e-01
-5.202116370201110840e-01
-2.221226543188095093e-01
1.245642602443695068e-01
-3.103101849555969238e-01
-2.620918750762939453e-01
2.426434308290481567e-01
1.180183961987495422e-01
2.058346867561340332e-01
-2.319551110267639160e-01
-4.568361639976501465e-01
-3.392465114593505859e-01
2.078540623188018799e-02
-4.054331779479980469e-01
2.612784802913665771e-01
2.343775182962417603e-01
5.427296757698059082e-01
-2.014866471290588379e-01
-2.511747777462005615e-01
-6.648968458175659180e-01
8.140327036380767822e-02
-3.723052144050598145e-01
-1.329307854175567627e-01
6.397747993469238281e-02
-2.756316028535366058e-02
-5.881533492356538773e-03
-4.895761013031005859e-01
-4.409435018897056580e-02
2.560690641403198242e-01
1.055517978966236115e-02
-1.512685716152191162e-01
3.967855125665664673e-02
-4.399419128894805908e-01
-2.434512376785278320e-01
-4.776864945888519287e-01
8.939621597528457642e-02
-1.093204617500305176e-01
6.649525463581085205e-02
-1.197014823555946350e-01
9.646744281053543091e-02
-1.602177023887634277e-01
-5.260002613067626953e-02
1.471771150827407837e-01
-2.339021414518356323e-01
1.018373146653175354e-01
6.604263931512832642e-02
4.226007163524627686e-01
1.776588261127471924e-01
-5.697932466864585876e-02
-1.364986896514892578e-01
-1.971735209226608276e-01
-1.111664772033691406e-01
3.855587840080261230e-01
7.452319562435150146e-02
-1.727441996335983276e-01
7.094114273786544800e-02
-1.189078669995069504e-02
-2.985447347164154053e-01
3.257217630743980408e-02
-2.922531664371490479e-01
-1.787790209054946899e-01
2.482793182134628296e-01
-3.202822208404541016e-01
-2.694913148880004883e-01
-3.246213495731353760e-01
-1.167291104793548584e-01
1.962477564811706543e-01
-1.120236739516258240e-01
-1.516849398612976074e-01
-2.092119306325912476e-01
-3.272643312811851501e-02
-3.096421808004379272e-02
1.356319487094879150e-01
4.497158825397491455e-01
4.190539196133613586e-02
-4.770272374153137207e-01
2.230450659990310669e-01
-1.144097223877906799e-01
-1.697199046611785889e-01
-2.021180242300033569e-01
-1.830984652042388916e-01
-3.989481627941131592e-01
-8.893661201000213623e-02
-2.195969521999359131e-01
-2.800613045692443848e-01
3.022905886173248291e-01
-3.307526409626007080e-01
-2.763687372207641602e-01
-7.445452362298965454e-02
-1.107650771737098694e-01
4.529608041048049927e-02
7.666680961847305298e-02
-1.021957490593194962e-03
5.166072845458984375e-01
4.374488070607185364e-02
-4.037933349609375000e-01
-3.807865828275680542e-02
-1.318881958723068237e-01
-4.409313797950744629e-01
-7.688961178064346313e-02
-6.523853540420532227e-02
1.837833970785140991e-02
2.317194789648056030e-01
-1.201320737600326538e-01
-3.907193541526794434e-01
-2.571939527988433838e-01
-2.827937155961990356e-02
-2.365372329950332642e-01
-2.719367444515228271e-01
3.367550969123840332e-01
-1.805076375603675842e-02
-1.087875515222549438e-01
2.561261653900146484e-01
-2.310400605201721191e-01
4.293445348739624023e-01
-1.347268819808959961e-01
5.313632637262344360e-02
-3.396231308579444885e-02
1.371147334575653076e-01
-2.345304340124130249e-01
-3.332768380641937256e-01
2.259856760501861572e-01
-9.361678361892700195e-02
-2.323975116014480591e-01
-2.106557600200176239e-02
-3.041553199291229248e-01
-2.067010998725891113e-01
1.298711746931076050e-01
2.530911266803741455e-01
-1.131912842392921448e-01
-1.254347115755081177e-01
2.014901936054229736e-01
3.045088946819305420e-01
-9.043654799461364746e-02
4.165755510330200195e-01
-5.661918595433235168e-02
8.850395679473876953e-02
-4.310362786054611206e-02
-3.296932280063629150e-01
-1.180311441421508789e-01
3.772674500942230225e-01
-3.293748944997787476e-03
-2.352241873741149902e-01
5.807038396596908569e-03
1.906135082244873047e-01
2.092205733060836792e-01
-3.816821873188018799e-01
-4.136742651462554932e-01
2.039277851581573486e-01
3.168427944183349609e-01
-1.374163776636123657e-01
-2.613535821437835693e-01
-5.225790739059448242e-01
6.014910340309143066e-02
-3.556588292121887207e-01
1.543617546558380127e-01
-2.447713464498519897e-01
-7.113420367240905762e-01
1.952174934558570385e-03
-2.671934366226196289e-01
2.060484588146209717e-01
-1.632690429687500000e-01
-3.550601005554199219e-02
-2.890582382678985596e-01
-8.510778546333312988e-01
1.432437300682067871e-01
4.306952655315399170e-01
-5.167078971862792969e-01
1.262198239564895630e-01
-2.501982748508453369e-01
-1.592664420604705811e-01
7.620214484632015228e-03
-8.194012567400932312e-03
1.279736496508121490e-02
1.544736325740814209e-01
1.273708185181021690e-03
-5.035170316696166992e-01
-3.956365883350372314e-01
3.700137436389923096e-01
-1.604803502559661865e-01
6.163820028305053711e-01
-1.159146279096603394e-01
-2.309114933013916016e-01
1.370112597942352295e-01
1.467423047870397568e-02
6.407908201217651367e-01
9.211229532957077026e-02
2.148320078849792480e-01
-1.852688044309616089e-01
1.894099712371826172e-01
6.419502198696136475e-02
1.439943015575408936e-01
1.645306358113884926e-03
9.834355860948562622e-02
-2.698006331920623779e-01
-2.950536310672760010e-01
1.578286439180374146e-01
-3.043205738067626953e-01
-8.842715620994567871e-02
-9.974482655525207520e-02
-1.726305037736892700e-01
-1.261846721172332764e-01
8.236501365900039673e-02
-6.341623514890670776e-02
-1.471166461706161499e-01
-6.297083944082260132e-02
-1.109348237514495850e-01
-1.261584311723709106e-01
9.767752140760421753e-02
-3.969539105892181396e-01
-3.894483149051666260e-01
-1.316462755203247070e-01
-3.432666659355163574e-01
5.496432185173034668e-01
1.042871549725532532e-01
-2.423985749483108521e-01
-5.260293185710906982e-02
-1.812175475060939789e-02
-1.855033636093139648e-01
-3.201821446418762207e-01
-4.830199778079986572e-01
5.928684398531913757e-02
-2.612443268299102783e-01
5.130471661686897278e-03
-2.602373063564300537e-01
2.715993672609329224e-02
1.253657341003417969e-01
-5.959413647651672363e-01
2.442305833101272583e-01
-1.343504041433334351e-01
4.071786534041166306e-03
-2.996250689029693604e-01
-1.279890239238739014e-01
-3.616646230220794678e-01
-4.210179746150970459e-01
-2.703474462032318115e-01
8.578044921159744263e-02
2.945470996201038361e-02
-3.304696381092071533e-01
3.968565762042999268e-01
4.779179394245147705e-02
-1.100874170660972595e-01
-2.022684961557388306e-01
1.491056233644485474e-01
6.171417981386184692e-02
-1.558968983590602875e-02
-2.031317651271820068e-01
7.742385566234588623e-02
-1.823378801345825195e-01
-4.239442944526672363e-01
-2.411504238843917847e-01
-2.948795557022094727e-01
-2.094807922840118408e-01
-3.922381252050399780e-02
-4.129233658313751221e-01
8.157173544168472290e-02
-2.987836003303527832e-01
-1.626889407634735107e-01
-2.170649915933609009e-01
1.895903497934341431e-01
-4.767751693725585938e-01
1.727317273616790771e-01
3.752745091915130615e-01
3.213515877723693848e-02
-1.759421080350875854e-01
1.395330131053924561e-01
1.438433825969696045e-01
7.466728985309600830e-02
-4.214398860931396484e-01
-1.494559943675994873e-01
-3.406445682048797607e-02
-2.119690645486116409e-03
-9.044538438320159912e-02
1.448196917772293091e-01
-2.070833593606948853e-01
4.079693257808685303e-01
-3.490687608718872070e-01
-1.527358889579772949e-01
-2.218840271234512329e-01
5.175258032977581024e-03
-2.235045731067657471e-01
-7.827451080083847046e-02
2.479672804474830627e-02
-2.280587404966354370e-01
-1.881247758865356445e-01
9.200396947562694550e-03
-1.636605858802795410e-01
-2.550667822360992432e-01
1.504103392362594604e-01
-8.101710677146911621e-01
1.929267644882202148e-01
1.190529391169548035e-01
4.580907151103019714e-02
6.862873584032058716e-02
-4.979155212640762329e-02
-1.690976768732070923e-01
-2.902047634124755859e-01
3.136255741119384766e-01
-1.812256723642349243e-01
-1.902358978986740112e-01
-7.308074831962585449e-02
-2.887580990791320801e-01
9.599850326776504517e-02
3.044785559177398682e-01
-8.139258623123168945e-02
-3.201473057270050049e-01
7.332757115364074707e-02
-6.142850518226623535e-01
-5.451897382736206055e-01
-4.605703651905059814e-01
-1.334417797625064850e-02
-1.796743422746658325e-01
2.216910719871520996e-01
3.020403385162353516e-01
-9.161110967397689819e-02
-1.088269948959350586e-01
1.400069147348403931e-01
-4.569057747721672058e-02
-3.487906455993652344e-01
-5.217005610466003418e-01
-1.931832879781723022e-01
1.458892673254013062e-01
8.208883553743362427e-02
1.096385419368743896e-01
1.346225384622812271e-02
2.307812124490737915e-01
2.460522055625915527e-01
-7.617136090993881226e-02
-1.115327328443527222e-01
1.400628387928009033e-01
-7.373214513063430786e-02
-1.624740362167358398e-01
3.523764312267303467e-01
2.776621878147125244e-01
2.449694871902465820e-01
1.264062225818634033e-01
7.324037142097949982e-04
1.778501123189926147e-01
-1.721125245094299316e-01
-3.208795487880706787e-01
2.865403518080711365e-02
4.308437407016754150e-01
-5.295143127441406250e-01
4.391050934791564941e-01
-8.230074495077133179e-02
-3.820529282093048096e-01
-1.989289373159408569e-01
3.156015276908874512e-01
-3.436031341552734375e-01
-6.912270188331604004e-02
3.626464605331420898e-01
-5.309159159660339355e-01
-3.141297399997711182e-01
3.690715730190277100e-01
2.298276275396347046e-01
-3.434609770774841309e-01
-3.178165256977081299e-01
-6.799156665802001953e-01
2.747751399874687195e-02
-2.423190139234066010e-02
-3.953799387090839446e-05
-2.289303839206695557e-01
-5.187512636184692383e-01
-2.542453110218048096e-01
9.488224983215332031e-02
1.252008527517318726e-01
-1.923002116382122040e-02
8.065634220838546753e-02
6.549347192049026489e-02
2.028156630694866180e-02
-4.480205178260803223e-01
-5.420819669961929321e-02
4.089691117405891418e-02
-1.281590610742568970e-01
2.889758348464965820e-01
-6.826476752758026123e-02
4.868004918098449707e-01
-3.549313843250274658e-01
9.491602331399917603e-02
-7.166654616594314575e-02
4.911966919898986816e-01
1.677657365798950195e-01
-5.593277513980865479e-03
-8.435446023941040039e-02
-1.577175408601760864e-01
2.416092343628406525e-02
2.899388223886489868e-02
-5.055308341979980469e-01
-1.263072341680526733e-01
-1.574751287698745728e-01
-2.519399821758270264e-01
-5.159834027290344238e-01
-6.747677326202392578e-01
-3.661292791366577148e-02
-3.803618550300598145e-01
2.902661263942718506e-01
8.352447301149368286e-03
-6.499052792787551880e-02
4.561516642570495605e-02
-2.412432134151458740e-01
-1.034180894494056702e-01
-2.937059402465820312e-01
-5.029784440994262695e-01
-5.217612385749816895e-01
-3.504575788974761963e-01
1.652207076549530029e-01
3.872707784175872803e-01
-2.611794173717498779e-01
1.809623390436172485e-01
-3.967083096504211426e-01
-5.783829689025878906e-01
-1.990948170423507690e-01
2.394469380378723145e-01
3.335391581058502197e-01
-2.234566956758499146e-01
-3.310149013996124268e-01
2.477028034627437592e-02
3.349168226122856140e-02
-1.535482257604598999e-01
2.337456941604614258e-01
-7.199794054031372070e-03
-7.684643566608428955e-02
-1.063251569867134094e-01
-2.039631009101867676e-01
-2.585101425647735596e-01
-3.653604388236999512e-01
3.263277113437652588e-01
4.711855649948120117e-01
-1.273562312126159668e-01
3.628342598676681519e-02
5.564018338918685913e-02
1.878293305635452271e-01
-1.326972991228103638e-01
1.231903731822967529e-01
4.340195655822753906e-01
1.885798275470733643e-01
-1.836445629596710205e-01
7.199400663375854492e-02
-3.796797096729278564e-01
4.097415506839752197e-01
1.667294800281524658e-01
-6.299924254417419434e-01
1.389437764883041382e-01
-2.614153623580932617e-01
-2.629780769348144531e-01
-8.340346813201904297e-02
-3.061981126666069031e-02
-1.488992869853973389e-01
-1.672250330448150635e-01
1.402366012334823608e-01
-8.365631103515625000e-02
-1.399203836917877197e-01
-4.661591351032257080e-02
-5.522587150335311890e-02
-2.263745665550231934e-01
-2.883661985397338867e-01
-1.028566285967826843e-01
3.625214099884033203e-01
-3.496352136135101318e-01
8.546167612075805664e-02
1.844036728143692017e-01
-1.707742810249328613e-01
-2.235383540391921997e-01
-3.177340030670166016e-01
-2.375711128115653992e-02
3.065572120249271393e-02
-4.676862359046936035e-01
-1.183309480547904968e-01
-6.570314615964889526e-02
-1.980343461036682129e-01
-1.783107370138168335e-01
-2.674441039562225342e-02
-5.977003648877143860e-02
-2.902747094631195068e-01
-1.476046591997146606e-01
1.557302474975585938e-02
4.131967127323150635e-01
-4.207309484481811523e-01
5.557983741164207458e-02
-2.306284606456756592e-01
-7.233153283596038818e-02
-1.042112261056900024e-01
3.681407570838928223e-01
-1.547983586788177490e-01
3.718933835625648499e-02
-1.609658636152744293e-02
3.144286274909973145e-01
-3.001361489295959473e-01
-2.369608581066131592e-01
1.170471087098121643e-01
-1.537295579910278320e-01
-1.020381674170494080e-01
-4.419222176074981689e-01
-7.751100063323974609e-01
-3.336458802223205566e-01
-3.787971138954162598e-01
1.741991611197590828e-03
-2.291090488433837891e-01
1.027068719267845154e-01
8.260557055473327637e-02
8.548947423696517944e-02
2.308295965194702148e-01
-2.313475012779235840e-01
-2.323004305362701416e-01
2.909708321094512939e-01
-2.489995956420898438e-01
-7.963743805885314941e-02
-4.956839084625244141e-01
6.064135953783988953e-02
-4.262303560972213745e-02
-1.180024147033691406e-01
-2.021694630384445190e-01
2.277897298336029053e-01
-2.933259010314941406e-01
1.631668955087661743e-01
-1.066634729504585266e-01
-1.381981968879699707e-01
-3.848611712455749512e-01
4.054599106311798096e-01
-2.164426892995834351e-01
4.672523140907287598e-01
-1.774934530258178711e-01
-7.907552272081375122e-02
-1.583943143486976624e-02
3.970176279544830322e-01
-1.055187657475471497e-01
-2.606253325939178467e-01
-1.955588348209857941e-02
-3.342287838459014893e-01
-2.542811632156372070e-01
2.886467799544334412e-02
1.717555671930313110e-01
-3.269779384136199951e-01
2.275824099779129028e-01
-1.452310979366302490e-01
1.661039292812347412e-01
-8.216280490159988403e-03
1.969031542539596558e-01
-5.763322114944458008e-01
-1.680626571178436279e-01
-7.451521605253219604e-02
1.742985695600509644e-01
6.750522553920745850e-02
4.030568897724151611e-02
-2.351730363443493843e-03
-1.434603184461593628e-01
2.854166030883789062e-01
-7.439239025115966797e-01
-2.938814759254455566e-01
-4.712416827678680420e-01
2.966004908084869385e-01
-4.072209596633911133e-01
4.025035202503204346e-01
-2.947627305984497070e-01
7.104790210723876953e-02
4.917113482952117920e-01
1.445158272981643677e-01
1.394273042678833008e-01
-1.789554208517074585e-01
-3.887052536010742188e-01
3.242210447788238525e-01
1.068412791937589645e-02
3.567532077431678772e-02
-1.121032834053039551e-01
5.303004290908575058e-03
-2.193375825881958008e-01
1.001510620117187500e-01
2.017693817615509033e-01
1.738845743238925934e-02
2.636874653398990631e-02
2.911370098590850830e-01
1.183029487729072571e-01
1.355822980403900146e-01
4.822450876235961914e-01
8.026711344718933105e-01
3.498175144195556641e-01
1.166367381811141968e-01
-4.573981761932373047e-01
3.169775381684303284e-02
1.557119488716125488e-01
-3.902419805526733398e-01
4.034018516540527344e-02
2.761651873588562012e-01
-4.392611682415008545e-01
3.447737693786621094e-01
-2.313847243785858154e-01
-1.381659209728240967e-01
6.345339119434356689e-02
-1.910152733325958252e-01
5.193049907684326172e-01
-4.881875813007354736e-01
-4.032069146633148193e-01
1.789131909608840942e-01
1.798432171344757080e-01
7.148481905460357666e-02
-2.186950109899044037e-02
-3.680287674069404602e-02
-3.415337800979614258e-01
-1.228299066424369812e-01
-1.875120997428894043e-01
1.124351695179939270e-01
1.856995373964309692e-01
-4.590417146682739258e-01
1.548380106687545776e-01
5.513694286346435547e-01
-4.785322546958923340e-01
2.393044978380203247e-01
-2.227025479078292847e-01
2.320724911987781525e-02
2.054300010204315186e-01
1.793773621320724487e-01
-7.891508191823959351e-02
4.055238068103790283e-01
-3.178304731845855713e-01
9.686550498008728027e-02
1.950206160545349121e-01
-2.844661101698875427e-02
2.188370525836944580e-01
3.595032393932342529e-01
-1.345222145318984985e-01
1.003771945834159851e-01
1.440334171056747437e-01
1.629620790481567383e-01
1.035984009504318237e-01
-9.957162663340568542e-03
4.439904168248176575e-02
3.146810457110404968e-02
-1.414595544338226318e-01
5.244728922843933105e-02
-4.033034443855285645e-01
-7.932468503713607788e-02
2.354806810617446899e-01
-1.921627521514892578e-01
2.982380986213684082e-01
3.557245135307312012e-01
8.818601258099079132e-03
3.063068687915802002e-01
1.745125502347946167e-01
-6.140423938632011414e-02
7.347495108842849731e-02
6.326816231012344360e-02
-3.841406106948852539e-01
-2.080913335084915161e-01
2.238979488611221313e-01
-7.410880923271179199e-02
-1.256041526794433594e-01
-2.985434830188751221e-01
-1.839914768934249878e-01
7.021673768758773804e-02
2.114156335592269897e-01
2.256358563899993896e-01
2.643651664257049561e-01
3.137378394603729248e-02
1.275470256805419922e-01
6.627733260393142700e-02
2.522805631160736084e-01
2.341827452182769775e-01
3.736423552036285400e-01
-2.958484590053558350e-01
-4.162407219409942627e-01
-2.514721155166625977e-01
-2.990997135639190674e-01
-3.031421303749084473e-01
2.838858067989349365e-01
3.314727842807769775e-01
-2.509744465351104736e-01
1.265767067670822144e-01
-2.605999112129211426e-01
5.226320400834083557e-02
-4.886904656887054443e-01
2.293873876333236694e-01
1.487171351909637451e-01
-7.531541585922241211e-02
-2.832118794322013855e-02
-2.815854549407958984e-02
4.435285925865173340e-01
-3.760819509625434875e-02
-1.240250766277313232e-01
2.698931097984313965e-01
-1.789420545101165771e-01
-2.214076742529869080e-02
-3.011844158172607422e-01
2.422952465713024139e-02
-1.854396462440490723e-01
1.978130042552947998e-01
-4.880617260932922363e-01
1.904849521815776825e-02
-2.726364135742187500e-01
4.331099390983581543e-01
-2.084261029958724976e-01
4.854456484317779541e-01
1.789952218532562256e-01
8.439581841230392456e-02
-1.527101844549179077e-01
-1.058482006192207336e-01
3.392015118151903152e-03
3.271063789725303650e-02
1.663743555545806885e-01
-1.221001520752906799e-01
-1.026510447263717651e-01
3.367155194282531738e-01
-4.332334399223327637e-01
7.180926948785781860e-02
-2.167934775352478027e-01
1.609748303890228271e-01
3.462060987949371338e-01
2.741234004497528076e-01
-6.131405755877494812e-02
4.754330217838287354e-02
-8.594974130392074585e-02
-5.915227532386779785e-02
6.396263092756271362e-02
-3.366034626960754395e-01
1.435140222311019897e-01
3.744478162843734026e-04
6.055051833391189575e-02
-3.949638903141021729e-01
2.869001626968383789e-01
-3.349276781082153320e-01
3.490428626537322998e-01
-1.695418208837509155e-01
-8.537890911102294922e-01
2.153514884412288666e-02
-1.756671369075775146e-01
-1.505997180938720703e-01
4.953115582466125488e-01
1.364940553903579712e-01
-3.002111911773681641e-01
-7.033050805330276489e-02
1.136989668011665344e-01
-1.946571916341781616e-01
3.220406919717788696e-02
-5.099039059132337570e-03
6.383015960454940796e-02
-9.029436856508255005e-02
-1.535833626985549927e-01
-2.125272303819656372e-01
2.471300959587097168e-01
-9.233151376247406006e-02
2.767448499798774719e-02
-1.155193448066711426e-01
-1.321561634540557861e-01
-3.199899494647979736e-01
-3.654136359691619873e-01
-8.528425544500350952e-02
8.834368735551834106e-02
-8.892244845628738403e-02
2.648890912532806396e-01
4.412733614444732666e-01
-1.599805504083633423e-01
-2.849239110946655273e-01
8.243157714605331421e-02
2.019221335649490356e-01
3.050294704735279083e-03
-3.686137199401855469e-01
-3.937560915946960449e-01
1.947127431631088257e-01
2.680917382240295410e-01
-9.513861685991287231e-02
6.647431850433349609e-02
-2.911824546754360199e-02
2.589463889598846436e-01
3.034998774528503418e-01
-2.599592208862304688e-01
-7.977560162544250488e-02
1.612138003110885620e-01
2.283230982720851898e-02
-1.465010046958923340e-01
9.382900595664978027e-02
-1.335812360048294067e-01
-5.690848827362060547e-01
1.944315731525421143e-01
7.429922372102737427e-02
-2.977440357208251953e-01
-8.403944969177246094e-02
-3.131978446617722511e-03
-1.625712513923645020e-01
-2.573160529136657715e-01
-5.051644444465637207e-01
-2.354566901922225952e-01
-4.771836996078491211e-01
-3.486333489418029785e-01
-6.736356616020202637e-01
9.059251099824905396e-02
-6.049678921699523926e-01
-2.324917614459991455e-01
-9.456028789281845093e-02
-8.191658556461334229e-02
-1.263916790485382080e-01
-2.182145565748214722e-01
-3.092927038669586182e-01
1.439552307128906250e-01
7.151333242654800415e-02
9.761640429496765137e-02
-3.121045529842376709e-01
-4.816446900367736816e-01
7.361731678247451782e-02
-2.626660279929637909e-02
4.477092027664184570e-01
-1.619340181350708008e-01
6.846843659877777100e-02
-4.004332795739173889e-02
2.597746253013610840e-01
-5.729197859764099121e-01
5.415812730789184570e-01
-4.118318259716033936e-01
1.752332001924514771e-01
-1.547864526510238647e-01
9.738405048847198486e-02
-2.817393541336059570e-01
3.368258178234100342e-01
9.042441099882125854e-02
-1.544417440891265869e-01
-2.588281929492950439e-01
-1.048668846487998962e-01
2.251676172018051147e-01
1.645545363426208496e-01
6.584984250366687775e-03
-2.492645382881164551e-02
-2.262843400239944458e-01
2.636595964431762695e-01
-6.035213917493820190e-02
2.315311878919601440e-01
-3.428983390331268311e-01
-1.044622063636779785e-01
1.465738415718078613e-01
8.299280703067779541e-02
-1.940882652997970581e-01
-8.905249089002609253e-02
9.359093755483627319e-02
-9.095031768083572388e-02
-1.410148143768310547e-01
-4.611920416355133057e-01
-3.964217007160186768e-01
2.043863981962203979e-01
-5.499884486198425293e-02
-4.073604345321655273e-01
1.647502481937408447e-01
2.611528635025024414e-01
1.562421321868896484e-01
1.744614690542221069e-01
-3.519858792424201965e-02
2.351963371038436890e-01
-1.190308406949043274e-01
2.625601738691329956e-02
-3.420934975147247314e-01
6.942078471183776855e-02
-1.770959347486495972e-01
1.804214268922805786e-01
-4.221830070018768311e-01
1.594056189060211182e-01
-2.445805072784423828e-01
-3.001071512699127197e-01
3.152011632919311523e-01
-6.360041350126266479e-02
-1.541844308376312256e-01
-3.185467794537544250e-02
2.959472127258777618e-02
-2.740314006805419922e-01
-1.893488131463527679e-02
4.394882321357727051e-01
-3.078735172748565674e-01
1.024927571415901184e-02
-9.220056980848312378e-02
