3.992136120796203613e-01
8.343489766120910645e-01
2.163109481334686279e-01
7.461495995521545410e-01
6.341795921325683594e-01
5.128397420048713684e-02
8.792223930358886719e-01
9.472806453704833984e-01
5.412661433219909668e-01
2.084554433822631836e-01
2.695132791996002197e-01
1.105783462524414062e+00
5.541431903839111328e-01
8.155813813209533691e-01
5.263460874557495117e-01
9.420139193534851074e-01
2.853041589260101318e-01
1.325451850891113281e+00
1.263784766197204590e+00
4.993227124214172363e-01
5.642701387405395508e-01
5.642363429069519043e-01
6.869237422943115234e-01
4.968973398208618164e-01
9.517816901206970215e-01
9.708873629570007324e-01
9.658111929893493652e-01
1.622257232666015625e+00
8.694518804550170898e-01
1.382276535034179688e+00
9.100937843322753906e-01
2.080979943275451660e-01
5.553792715072631836e-01
7.470883727073669434e-01
9.674578309059143066e-01
2.736397683620452881e-01
7.012960314750671387e-01
6.894124150276184082e-01
2.994979619979858398e-01
5.760200023651123047e-01
2.218597173690795898e+00
5.201648473739624023e-01
7.219077944755554199e-01
3.634111881256103516e-01
6.477917432785034180e-01
3.834738433361053467e-01
7.442772984504699707e-01
2.571637034416198730e-01
1.017908453941345215e-01
6.737965941429138184e-01
1.830669045448303223e-01
5.203902125358581543e-01
7.255913019180297852e-01
3.234885632991790771e-01
6.683006286621093750e-01
2.042668610811233521e-01
1.092818975448608398e+00
8.417859077453613281e-01
1.178168416023254395e+00
4.111044406890869141e-01
1.610619306564331055e+00
3.103290200233459473e-01
1.514837294816970825e-01
9.198120236396789551e-02
