1.000487208366394043e+00
9.948330521583557129e-01
1.000304698944091797e+00
1.000301957130432129e+00
9.940605163574218750e-01
1.004560589790344238e+00
1.003835320472717285e+00
1.002263307571411133e+00
1.001663804054260254e+00
9.939050078392028809e-01
1.019412636756896973e+00
9.996531605720520020e-01
1.007001042366027832e+00
9.973125457763671875e-01
9.944654703140258789e-01
1.000494003295898438e+00
9.933271408081054688e-01
9.974167346954345703e-01
9.936367869377136230e-01
1.000808119773864746e+00
9.915688037872314453e-01
1.001869440078735352e+00
9.950609803199768066e-01
1.002362966537475586e+00
9.885717630386352539e-01
1.001348733901977539e+00
9.901947975158691406e-01
1.006855607032775879e+00
9.957879185676574707e-01
1.004991173744201660e+00
1.002681732177734375e+00
9.859648942947387695e-01
1.001402735710144043e+00
9.944523572921752930e-01
1.004950523376464844e+00
1.000801086425781250e+00
9.934880137443542480e-01
9.971925020217895508e-01
9.924647808074951172e-01
1.006415486335754395e+00
9.844790101051330566e-01
9.961452484130859375e-01
9.903399944305419922e-01
1.000358104705810547e+00
1.011158823966979980e+00
1.000819206237792969e+00
9.937345385551452637e-01
9.977451562881469727e-01
9.984520077705383301e-01
1.002990961074829102e+00
9.935111999511718750e-01
9.997853636741638184e-01
9.880240559577941895e-01
9.999871850013732910e-01
1.008388161659240723e+00
1.000298857688903809e+00
9.981821179389953613e-01
9.914594888687133789e-01
9.935581684112548828e-01
9.982521533966064453e-01
9.985262751579284668e-01
9.973802566528320312e-01
9.944108724594116211e-01
9.914270639419555664e-01
9.994783401489257812e-01
1.005820631980895996e+00
9.837318062782287598e-01
9.963479042053222656e-01
9.889442920684814453e-01
9.934929609298706055e-01
9.998369812965393066e-01
9.949188828468322754e-01
9.927726984024047852e-01
9.912405014038085938e-01
9.976437091827392578e-01
1.014904141426086426e+00
9.978466033935546875e-01
9.924143552780151367e-01
1.005058050155639648e+00
9.958711862564086914e-01
1.010661959648132324e+00
9.874753952026367188e-01
1.003302335739135742e+00
1.004467606544494629e+00
9.993484616279602051e-01
1.009162545204162598e+00
9.959230422973632812e-01
1.001901388168334961e+00
1.006223082542419434e+00
9.953525066375732422e-01
9.999104738235473633e-01
9.938704371452331543e-01
1.004880666732788086e+00
1.000435590744018555e+00
1.007405161857604980e+00
1.009454846382141113e+00
9.987477064132690430e-01
1.011282801628112793e+00
1.002708196640014648e+00
1.009729504585266113e+00
9.972106814384460449e-01
1.000295162200927734e+00
9.911600947380065918e-01
1.008177876472473145e+00
9.966920614242553711e-01
1.004042148590087891e+00
1.006086230278015137e+00
9.932038187980651855e-01
1.006137728691101074e+00
1.003717303276062012e+00
9.970597624778747559e-01
1.007688283920288086e+00
9.974514245986938477e-01
9.910089373588562012e-01
1.002531170845031738e+00
9.918317794799804688e-01
9.977145791053771973e-01
1.002644419670104980e+00
9.948104023933410645e-01
9.930682182312011719e-01
1.000074267387390137e+00
9.813014864921569824e-01
9.902568459510803223e-01
9.966901540756225586e-01
9.983044266700744629e-01
9.916840791702270508e-01
1.003379821777343750e+00
1.006310701370239258e+00
9.943924546241760254e-01
1.001274704933166504e+00
9.952284097671508789e-01
9.885982275009155273e-01
9.959695339202880859e-01
9.978163242340087891e-01
1.009806156158447266e+00
1.003459453582763672e+00
1.006320118904113770e+00
9.901102781295776367e-01
1.004419445991516113e+00
1.013683915138244629e+00
9.954850077629089355e-01
9.934492707252502441e-01
9.837879538536071777e-01
9.995787739753723145e-01
1.003136396408081055e+00
9.946200251579284668e-01
9.934930205345153809e-01
9.934095740318298340e-01
1.002990365028381348e+00
1.006740927696228027e+00
1.004885435104370117e+00
1.009792208671569824e+00
1.004410266876220703e+00
1.012443304061889648e+00
1.009956479072570801e+00
9.946079850196838379e-01
9.892343282699584961e-01
9.996640682220458984e-01
9.898582696914672852e-01
9.969045519828796387e-01
1.008182883262634277e+00
9.978619217872619629e-01
1.000544905662536621e+00
9.908415675163269043e-01
9.980819225311279297e-01
9.932590723037719727e-01
9.980189204216003418e-01
1.001093029975891113e+00
1.017627835273742676e+00
1.000834822654724121e+00
1.000308394432067871e+00
9.986997246742248535e-01
9.920279979705810547e-01
9.982348084449768066e-01
1.003662943840026855e+00
9.968959689140319824e-01
1.002218604087829590e+00
9.911511540412902832e-01
1.007917761802673340e+00
9.970734715461730957e-01
1.000156164169311523e+00
1.001835465431213379e+00
9.950063228607177734e-01
9.977850914001464844e-01
1.001048684120178223e+00
1.000895977020263672e+00
9.999430775642395020e-01
9.998561739921569824e-01
9.893682599067687988e-01
9.972881078720092773e-01
9.936755299568176270e-01
1.007754564285278320e+00
9.986284971237182617e-01
1.002421379089355469e+00
9.937635064125061035e-01
1.003001570701599121e+00
9.955289363861083984e-01
9.892446398735046387e-01
1.004634737968444824e+00
1.015564203262329102e+00
9.944065809249877930e-01
1.011828541755676270e+00
9.977642893791198730e-01
9.990386962890625000e-01
9.923327565193176270e-01
1.003402233123779297e+00
1.009141445159912109e+00
9.912450313568115234e-01
1.002022385597229004e+00
1.014907002449035645e+00
9.943597316741943359e-01
1.003411412239074707e+00
9.985199570655822754e-01
1.003771543502807617e+00
1.001958608627319336e+00
9.859425425529479980e-01
9.952898621559143066e-01
9.985705018043518066e-01
9.999179244041442871e-01
1.008256316184997559e+00
9.923261404037475586e-01
9.984023571014404297e-01
1.004037857055664062e+00
1.010829210281372070e+00
9.980580806732177734e-01
1.002733707427978516e+00
1.002758741378784180e+00
9.937074780464172363e-01
1.001557946205139160e+00
9.994331598281860352e-01
9.972995519638061523e-01
1.010400652885437012e+00
9.924452304840087891e-01
9.969434142112731934e-01
9.974314570426940918e-01
9.878071546554565430e-01
1.005833506584167480e+00
1.001395940780639648e+00
1.005564332008361816e+00
1.005393862724304199e+00
9.870332479476928711e-01
9.950759410858154297e-01
1.004939198493957520e+00
9.917095899581909180e-01
9.951368570327758789e-01
1.019949674606323242e+00
9.968394041061401367e-01
1.007934689521789551e+00
9.912662506103515625e-01
1.006147742271423340e+00
9.976930022239685059e-01
9.899774789810180664e-01
9.979220032691955566e-01
9.980058670043945312e-01
1.006293654441833496e+00
1.000929594039916992e+00
