1.325414299964904785e+00
2.062988281250000000e+00
1.832470178604125977e+00
2.871278524398803711e+00
1.162055611610412598e+00
1.656303524971008301e+00
2.151096343994140625e+00
2.813035726547241211e+00
3.697881221771240234e+00
2.797629833221435547e+00
1.473652720451354980e+00
1.806361079216003418e+00
3.587584257125854492e+00
2.652278661727905273e+00
4.003536224365234375e+00
2.148069143295288086e+00
2.485958099365234375e+00
3.365057408809661865e-01
3.965883493423461914e+00
2.554550409317016602e+00
2.653302192687988281e+00
2.543561935424804688e+00
1.099715709686279297e+00
2.200284957885742188e+00
2.090410947799682617e+00
3.337731838226318359e+00
3.286107301712036133e+00
2.402165889739990234e+00
8.895829319953918457e-01
3.387125968933105469e+00
1.534506559371948242e+00
2.327356576919555664e+00
1.169130802154541016e+00
9.466024041175842285e-01
2.337823867797851562e+00
3.466701269149780273e+00
6.222737789154052734e+00
2.195486545562744141e+00
2.303869962692260742e+00
3.215740442276000977e+00
2.025769472122192383e+00
1.763991594314575195e+00
1.454551100730895996e+00
4.653050422668457031e+00
3.102145671844482422e+00
3.243794679641723633e+00
3.260220527648925781e+00
9.775671362876892090e-01
2.806466102600097656e+00
2.549905538558959961e+00
1.776298642158508301e+00
1.110547423362731934e+00
1.642906904220581055e+00
2.521093130111694336e+00
2.025535821914672852e+00
1.551530838012695312e+00
2.419467687606811523e+00
3.741031646728515625e+00
2.792990207672119141e+00
1.500467300415039062e+00
2.787688255310058594e+00
2.168471813201904297e+00
1.469098687171936035e+00
3.179124593734741211e+00
2.352945327758789062e+00
1.940063834190368652e+00
1.570496916770935059e+00
2.517562866210937500e+00
2.680650234222412109e+00
2.267067193984985352e+00
3.405985593795776367e+00
3.470601558685302734e+00
2.424177169799804688e+00
1.318790555000305176e+00
3.073973655700683594e+00
1.452271819114685059e+00
1.984123110771179199e+00
9.767030477523803711e-01
2.928957939147949219e+00
4.063777446746826172e+00
2.172928810119628906e+00
2.691492319107055664e+00
4.003362178802490234e+00
1.172685503959655762e+00
2.112068653106689453e+00
2.671976327896118164e+00
2.663978099822998047e+00
3.232812881469726562e+00
3.806740045547485352e+00
2.963703870773315430e+00
3.122861146926879883e+00
5.110201835632324219e+00
3.809185028076171875e+00
2.488780975341796875e+00
1.759436011314392090e+00
4.126585483551025391e+00
1.797814369201660156e+00
4.524801254272460938e+00
1.310176253318786621e+00
2.294827938079833984e+00
3.239898920059204102e+00
3.496910810470581055e+00
2.082787513732910156e+00
4.221154212951660156e+00
1.505122303962707520e+00
8.156460523605346680e-01
1.553052067756652832e+00
3.814752578735351562e+00
1.830980181694030762e+00
3.606561422348022461e+00
2.663558006286621094e+00
2.375494956970214844e+00
1.772411465644836426e+00
5.637741565704345703e+00
1.189862847328186035e+00
2.582560777664184570e+00
3.629120826721191406e+00
1.440605640411376953e+00
3.874618530273437500e+00
3.694470643997192383e+00
3.308758735656738281e+00
3.291348218917846680e+00
1.589706420898437500e+00
1.615785360336303711e+00
1.618493795394897461e+00
1.934969544410705566e+00
2.461408376693725586e+00
1.818130612373352051e+00
2.476189136505126953e+00
2.760516881942749023e+00
1.801102519035339355e+00
9.067134261131286621e-01
2.295408964157104492e+00
3.927225828170776367e+00
2.577376127243041992e+00
3.413037300109863281e+00
9.702393412590026855e-01
4.282862663269042969e+00
1.416828632354736328e+00
2.644389867782592773e+00
1.961554527282714844e+00
3.340110778808593750e+00
1.201756477355957031e+00
1.211408257484436035e+00
1.542126297950744629e+00
1.591480970382690430e+00
2.605229377746582031e+00
1.022397875785827637e+00
1.836835265159606934e+00
1.974513411521911621e+00
2.397245645523071289e+00
2.495444297790527344e+00
6.022444725036621094e+00
1.148681044578552246e+00
2.090799331665039062e+00
2.214771747589111328e+00
2.129907131195068359e+00
5.051277160644531250e+00
2.482244729995727539e+00
1.333982586860656738e+00
2.752846479415893555e+00
2.509185791015625000e+00
2.908245801925659180e+00
2.189453363418579102e+00
5.127533435821533203e+00
1.456206917762756348e+00
1.451061844825744629e+00
1.977337002754211426e+00
2.253363370895385742e+00
1.227312922477722168e+00
1.884836792945861816e+00
3.589126110076904297e+00
1.051538586616516113e+00
1.493993401527404785e+00
1.682529568672180176e+00
2.083435058593750000e+00
2.342111349105834961e+00
1.124786019325256348e+00
3.041297435760498047e+00
1.934119820594787598e+00
1.827988147735595703e+00
4.130973815917968750e+00
1.080076694488525391e+00
3.716675043106079102e+00
2.751861095428466797e+00
2.913697242736816406e+00
3.133105993270874023e+00
1.009889006614685059e+00
3.025532722473144531e+00
5.260106563568115234e+00
2.613627195358276367e+00
8.568255305290222168e-01
4.504558563232421875e+00
2.297825574874877930e+00
2.775221347808837891e+00
1.522715330123901367e+00
2.406744480133056641e+00
3.014647245407104492e+00
2.264912128448486328e+00
3.645695209503173828e+00
4.035509109497070312e+00
3.041188240051269531e+00
4.058643817901611328e+00
3.465839624404907227e+00
1.793506741523742676e+00
1.046550631523132324e+00
3.228721618652343750e+00
1.158111095428466797e+00
2.943054199218750000e+00
3.595282554626464844e+00
2.708977460861206055e+00
3.183575630187988281e+00
1.778143763542175293e+00
1.519349217414855957e+00
1.932568550109863281e+00
2.545777559280395508e+00
2.390867233276367188e+00
3.960060596466064453e+00
1.523778319358825684e+00
1.431327104568481445e+00
3.599219799041748047e+00
1.139710545539855957e+00
2.697626590728759766e+00
9.738026857376098633e-01
2.542150497436523438e+00
1.852085590362548828e+00
2.919354438781738281e+00
2.147219657897949219e+00
1.480545997619628906e+00
3.512313842773437500e+00
2.857452154159545898e+00
1.060029506683349609e+00
2.811139106750488281e+00
2.353965520858764648e+00
2.552495479583740234e+00
2.147019386291503906e+00
2.656358480453491211e+00
1.625530838966369629e+00
2.685870647430419922e+00
2.767050027847290039e+00
9.802502393722534180e-01
1.470884442329406738e+00
3.666041135787963867e+00
2.450078487396240234e+00
1.916014432907104492e+00
3.091565608978271484e+00
1.474464058876037598e+00
3.785581588745117188e+00
2.178022146224975586e+00
2.237067937850952148e+00
3.158299922943115234e+00
1.733407258987426758e+00
2.092770099639892578e+00
6.604268550872802734e-01
2.018514633178710938e+00
1.859876036643981934e+00
3.879227876663208008e+00
2.539524793624877930e+00
3.340560674667358398e+00
3.525808095932006836e+00
2.265754222869873047e+00
1.459872484207153320e+00
3.742205858230590820e+00
1.846638917922973633e+00
1.858940720558166504e+00
2.129905700683593750e+00
2.675157785415649414e+00
2.196911811828613281e+00
3.529577493667602539e+00
1.458140969276428223e+00
4.207030773162841797e+00
2.110010623931884766e+00
2.471739053726196289e+00
3.020605087280273438e+00
3.916656732559204102e+00
1.547746181488037109e+00
1.143720030784606934e+00
1.753728508949279785e+00
2.545472145080566406e+00
2.579599618911743164e+00
3.167752981185913086e+00
1.740457296371459961e+00
2.750889301300048828e+00
4.061729609966278076e-01
1.695058822631835938e+00
3.041417598724365234e+00
2.496708154678344727e+00
5.580955505371093750e+00
2.647258043289184570e+00
1.511205434799194336e+00
4.768380641937255859e+00
3.433959960937500000e+00
4.009792327880859375e+00
1.810146808624267578e+00
1.563833951950073242e+00
2.807485103607177734e+00
3.859616279602050781e+00
3.718863487243652344e+00
2.992269515991210938e+00
4.433332920074462891e+00
3.282165765762329102e+00
3.778701543807983398e+00
9.048300981521606445e-01
2.039344072341918945e+00
2.734835863113403320e+00
1.332114696502685547e+00
1.305837869644165039e+00
3.204654932022094727e+00
1.317462801933288574e+00
2.455563306808471680e+00
2.166508197784423828e+00
3.252265214920043945e+00
2.193571567535400391e+00
3.090283632278442383e+00
3.630861759185791016e+00
1.988999366760253906e+00
2.210802316665649414e+00
3.348160266876220703e+00
2.986669063568115234e+00
6.258960962295532227e-01
1.774558663368225098e+00
3.472312688827514648e+00
1.690687537193298340e+00
1.089659333229064941e+00
3.157166719436645508e+00
1.809938549995422363e+00
2.375802755355834961e+00
8.470476269721984863e-01
2.773298263549804688e+00
9.424713253974914551e-01
2.709585666656494141e+00
2.062165737152099609e+00
1.728939056396484375e+00
2.766123771667480469e+00
1.946358919143676758e+00
2.161180734634399414e+00
9.651912450790405273e-01
4.706608772277832031e+00
1.483579039573669434e+00
2.564517259597778320e+00
2.821302652359008789e+00
4.546375751495361328e+00
2.979532241821289062e+00
2.886579990386962891e+00
3.890011072158813477e+00
2.011270284652709961e+00
1.180685520172119141e+00
1.667470455169677734e+00
2.859254360198974609e+00
1.214637517929077148e+00
2.216832399368286133e+00
2.848310232162475586e+00
1.483467221260070801e+00
3.413017034530639648e+00
1.646973371505737305e+00
1.349810004234313965e+00
1.910693764686584473e+00
2.481785535812377930e+00
1.735360980033874512e+00
2.635240554809570312e+00
2.253089666366577148e+00
3.390893220901489258e+00
3.418777704238891602e+00
3.992797136306762695e+00
1.816869735717773438e+00
1.930341482162475586e+00
2.442126512527465820e+00
2.313593387603759766e+00
1.797209858894348145e+00
1.906961798667907715e+00
1.016170978546142578e+00
1.780443310737609863e+00
1.909593820571899414e+00
1.087785243988037109e+00
2.596571445465087891e+00
3.979978084564208984e+00
2.548131942749023438e+00
2.772116422653198242e+00
2.483351469039916992e+00
1.657963633537292480e+00
2.238580942153930664e+00
2.346267938613891602e+00
2.264426469802856445e+00
2.505662202835083008e+00
3.937443494796752930e+00
2.581852912902832031e+00
2.923522233963012695e+00
1.785139679908752441e+00
2.192488193511962891e+00
2.694306135177612305e+00
2.025964498519897461e+00
2.518813610076904297e+00
2.376510858535766602e+00
1.143215298652648926e+00
2.377949476242065430e+00
1.025983691215515137e+00
8.098868727684020996e-01
1.802543759346008301e+00
2.977141141891479492e+00
1.673867464065551758e+00
2.488503932952880859e+00
3.833794355392456055e+00
1.552768945693969727e+00
1.800230860710144043e+00
2.609713554382324219e+00
2.902976274490356445e+00
5.674623966217041016e+00
1.954837203025817871e+00
1.943035602569580078e+00
2.333144426345825195e+00
1.597658157348632812e+00
1.051977396011352539e+00
1.404384016990661621e+00
1.212271690368652344e+00
3.222774744033813477e+00
1.603031396865844727e+00
2.136898279190063477e+00
8.828205466270446777e-01
5.484202861785888672e+00
1.591470718383789062e+00
2.712113857269287109e+00
5.097160339355468750e+00
3.366172313690185547e+00
2.013777494430541992e+00
1.334461450576782227e+00
4.360216140747070312e+00
2.600167036056518555e+00
2.021168708801269531e+00
1.395940065383911133e+00
2.854713439941406250e+00
3.299901485443115234e+00
1.507194399833679199e+00
2.408109664916992188e+00
2.571599960327148438e+00
2.028854370117187500e+00
1.799073934555053711e+00
1.269520163536071777e+00
1.898393154144287109e+00
2.622025489807128906e+00
1.721002697944641113e+00
2.707644462585449219e+00
1.439406752586364746e+00
3.043916225433349609e+00
6.626117825508117676e-01
1.162586331367492676e+00
2.116676092147827148e+00
1.703815817832946777e+00
2.349415779113769531e+00
6.926462054252624512e-01
2.049274444580078125e+00
2.571461677551269531e+00
2.222961902618408203e+00
3.096668243408203125e+00
1.575443983078002930e+00
2.581199645996093750e+00
2.066468954086303711e+00
4.368556022644042969e+00
2.823238134384155273e+00
1.978313803672790527e+00
3.057632446289062500e+00
1.487604856491088867e+00
3.154802560806274414e+00
1.155148386955261230e+00
2.742498874664306641e+00
3.854937314987182617e+00
1.310776233673095703e+00
1.486156582832336426e+00
2.829054355621337891e+00
3.373610496520996094e+00
1.883329510688781738e+00
2.705725193023681641e+00
2.373470067977905273e+00
1.397339463233947754e+00
1.040752530097961426e+00
3.257967233657836914e+00
5.115322589874267578e+00
1.897511363029479980e+00
8.794817924499511719e-01
1.210929274559020996e+00
3.571542978286743164e+00
3.721795558929443359e+00
2.907085657119750977e+00
4.665669441223144531e+00
2.004019498825073242e+00
2.392748117446899414e+00
3.164139509201049805e+00
2.676833629608154297e+00
3.354702472686767578e+00
1.856242179870605469e+00
4.494753360748291016e+00
1.153891563415527344e+00
2.762041330337524414e+00
1.607343196868896484e+00
2.474367141723632812e+00
2.016132116317749023e+00
2.864279031753540039e+00
2.122097015380859375e+00
2.101278305053710938e+00
2.914905548095703125e+00
1.832966685295104980e+00
1.440810322761535645e+00
2.455863714218139648e+00
3.485403299331665039e+00
1.928922176361083984e+00
3.713474273681640625e+00
1.419559001922607422e+00
2.274689912796020508e+00
2.419400215148925781e+00
6.031834125518798828e+00
2.001750230789184570e+00
2.423207759857177734e+00
2.522208213806152344e+00
