9.526570439338684082e-01
1.039462447166442871e+00
1.031657576560974121e+00
1.061536192893981934e+00
9.915608763694763184e-01
9.442355036735534668e-01
9.288357496261596680e-01
9.668310880661010742e-01
9.823840260505676270e-01
1.001231193542480469e+00
9.982014298439025879e-01
1.010784626007080078e+00
1.020797252655029297e+00
9.785903692245483398e-01
1.015089511871337891e+00
9.631390571594238281e-01
1.048377871513366699e+00
9.993550777435302734e-01
1.054386258125305176e+00
8.548734188079833984e-01
1.033596992492675781e+00
9.240546226501464844e-01
1.013116836547851562e+00
1.064362883567810059e+00
9.679610729217529297e-01
1.051545023918151855e+00
1.000114798545837402e+00
1.028359889984130859e+00
1.018993377685546875e+00
8.943557143211364746e-01
1.063252687454223633e+00
9.816915392875671387e-01
1.072524785995483398e+00
9.140893220901489258e-01
1.076331734657287598e+00
1.015373349189758301e+00
1.050890564918518066e+00
9.390394687652587891e-01
9.251064062118530273e-01
9.821738600730895996e-01
9.765194058418273926e-01
9.643006324768066406e-01
9.590381383895874023e-01
1.003651142120361328e+00
9.511156082153320312e-01
1.044037222862243652e+00
9.523245096206665039e-01
9.384678602218627930e-01
9.511775374412536621e-01
1.119707822799682617e+00
1.088675618171691895e+00
1.084211945533752441e+00
9.787977933883666992e-01
9.913446903228759766e-01
1.016076922416687012e+00
1.032302737236022949e+00
9.292863607406616211e-01
1.016692399978637695e+00
9.814944267272949219e-01
1.062375307083129883e+00
9.138317704200744629e-01
1.007900834083557129e+00
1.036254763603210449e+00
1.067645072937011719e+00
