9.716388583183288574e-01
9.674447774887084961e-01
9.638706445693969727e-01
9.399443864822387695e-01
9.267624020576477051e-01
9.723472595214843750e-01
9.351047873497009277e-01
9.791506528854370117e-01
9.770792722702026367e-01
9.334450364112854004e-01
9.752808809280395508e-01
9.735368490219116211e-01
9.680351018905639648e-01
9.691964387893676758e-01
9.776376485824584961e-01
9.696359634399414062e-01
9.755491018295288086e-01
9.670291543006896973e-01
9.735074639320373535e-01
9.776223897933959961e-01
9.299653768539428711e-01
9.837943911552429199e-01
9.659078121185302734e-01
9.754192233085632324e-01
9.801123142242431641e-01
9.758477210998535156e-01
9.760034680366516113e-01
9.737947583198547363e-01
9.785834550857543945e-01
9.632472991943359375e-01
9.758819937705993652e-01
9.361150860786437988e-01
9.736284613609313965e-01
9.604666829109191895e-01
9.691764116287231445e-01
9.654635787010192871e-01
9.744424819946289062e-01
9.291361570358276367e-01
9.728031158447265625e-01
9.728112816810607910e-01
9.137196540832519531e-01
9.631531238555908203e-01
9.803104996681213379e-01
9.711142182350158691e-01
9.816520810127258301e-01
9.693737626075744629e-01
9.808394908905029297e-01
9.807692766189575195e-01
9.725053906440734863e-01
9.770237803459167480e-01
9.570608735084533691e-01
9.188300967216491699e-01
9.670047163963317871e-01
9.732522368431091309e-01
9.656424522399902344e-01
9.748663902282714844e-01
9.764297008514404297e-01
9.749061465263366699e-01
9.755852222442626953e-01
9.169001579284667969e-01
9.753010272979736328e-01
9.758844971656799316e-01
9.735275506973266602e-01
9.469543099403381348e-01
9.627926349639892578e-01
9.791359901428222656e-01
9.240403771400451660e-01
9.700697660446166992e-01
9.690805077552795410e-01
9.322738647460937500e-01
9.750724434852600098e-01
9.729705452919006348e-01
9.265573024749755859e-01
9.679193496704101562e-01
9.782062172889709473e-01
9.475160241127014160e-01
9.680952429771423340e-01
9.717344045639038086e-01
9.028683900833129883e-01
9.722190499305725098e-01
9.317641854286193848e-01
9.682467579841613770e-01
9.790760874748229980e-01
9.740213155746459961e-01
9.759232401847839355e-01
9.705083966255187988e-01
9.802893996238708496e-01
9.710730314254760742e-01
9.755654335021972656e-01
9.722718000411987305e-01
9.656043648719787598e-01
9.715301394462585449e-01
9.700344800949096680e-01
9.656567573547363281e-01
9.758354425430297852e-01
9.842539429664611816e-01
9.419696927070617676e-01
9.339995384216308594e-01
9.676539301872253418e-01
9.613245129585266113e-01
9.409849047660827637e-01
9.736319780349731445e-01
9.641361832618713379e-01
9.776954054832458496e-01
9.782428145408630371e-01
9.765505194664001465e-01
9.340640902519226074e-01
9.739331603050231934e-01
9.687412381172180176e-01
9.600459933280944824e-01
9.688536524772644043e-01
9.737778902053833008e-01
9.764191508293151855e-01
9.514232873916625977e-01
9.756551384925842285e-01
9.213016033172607422e-01
9.689749479293823242e-01
9.755472540855407715e-01
9.612394571304321289e-01
9.740601778030395508e-01
9.640734791755676270e-01
9.772013425827026367e-01
9.693974256515502930e-01
9.174486398696899414e-01
9.669861197471618652e-01
9.383277297019958496e-01
9.644792079925537109e-01
9.677425026893615723e-01
9.675333499908447266e-01
9.740396738052368164e-01
9.756587147712707520e-01
9.683852195739746094e-01
9.280111789703369141e-01
9.772570133209228516e-01
9.286209940910339355e-01
9.669985175132751465e-01
9.813130497932434082e-01
9.193860888481140137e-01
9.295393824577331543e-01
9.550071358680725098e-01
9.399176239967346191e-01
9.399311542510986328e-01
9.079225063323974609e-01
9.692815542221069336e-01
9.371288418769836426e-01
9.482336640357971191e-01
9.499803185462951660e-01
9.707119464874267578e-01
9.686217308044433594e-01
9.731026887893676758e-01
9.744457006454467773e-01
9.750398993492126465e-01
9.557464122772216797e-01
9.670752882957458496e-01
9.248240590095520020e-01
9.697452187538146973e-01
9.787368178367614746e-01
9.804159402847290039e-01
9.791214466094970703e-01
9.725170731544494629e-01
9.712865948677062988e-01
9.390944838523864746e-01
9.717848300933837891e-01
9.779409766197204590e-01
9.733725190162658691e-01
9.556698203086853027e-01
9.718208312988281250e-01
9.786000847816467285e-01
9.710512161254882812e-01
9.744390845298767090e-01
9.675868153572082520e-01
9.730310440063476562e-01
9.322171211242675781e-01
9.831653237342834473e-01
9.691497087478637695e-01
9.794751405715942383e-01
9.730374813079833984e-01
9.690128564834594727e-01
9.300358891487121582e-01
9.710550904273986816e-01
9.686649441719055176e-01
9.678045511245727539e-01
9.841883182525634766e-01
9.294747710227966309e-01
9.824026823043823242e-01
9.781942963600158691e-01
9.653904438018798828e-01
9.282333254814147949e-01
9.753878712654113770e-01
9.201607704162597656e-01
9.696759581565856934e-01
9.786946773529052734e-01
8.943151235580444336e-01
9.724513292312622070e-01
9.615845680236816406e-01
9.777120351791381836e-01
9.350230693817138672e-01
9.615154266357421875e-01
9.626250267028808594e-01
9.811655879020690918e-01
9.610321521759033203e-01
9.752231836318969727e-01
9.707670211791992188e-01
9.275633692741394043e-01
9.746938943862915039e-01
9.796244502067565918e-01
9.616202712059020996e-01
9.745609760284423828e-01
9.694463014602661133e-01
9.368547797203063965e-01
9.775667786598205566e-01
9.764141440391540527e-01
9.670099616050720215e-01
9.294647574424743652e-01
9.453653693199157715e-01
9.408424496650695801e-01
9.746292829513549805e-01
9.698221087455749512e-01
9.255969524383544922e-01
9.698855280876159668e-01
9.684448838233947754e-01
9.742196202278137207e-01
9.718064665794372559e-01
9.585767388343811035e-01
9.309134483337402344e-01
9.682167172431945801e-01
9.692744016647338867e-01
9.777500033378601074e-01
9.732416868209838867e-01
9.728878140449523926e-01
8.977759480476379395e-01
9.726490378379821777e-01
9.721978902816772461e-01
9.607989788055419922e-01
9.695472121238708496e-01
9.646669626235961914e-01
9.431244730949401855e-01
9.245985746383666992e-01
9.376801252365112305e-01
9.750586152076721191e-01
9.572090506553649902e-01
9.737956523895263672e-01
9.802412390708923340e-01
9.792993068695068359e-01
9.824103116989135742e-01
9.291808605194091797e-01
9.498290419578552246e-01
9.774674773216247559e-01
9.737356901168823242e-01
9.430986642837524414e-01
9.400492310523986816e-01
9.702966213226318359e-01
9.845641851425170898e-01
9.728749990463256836e-01
9.779300689697265625e-01
9.790884256362915039e-01
