1.005524754524230957e+00
9.861571192741394043e-01
9.971169233322143555e-01
9.926320314407348633e-01
1.008396267890930176e+00
9.907834529876708984e-01
1.006253004074096680e+00
9.950520396232604980e-01
9.995713829994201660e-01
9.892044067382812500e-01
1.002832412719726562e+00
1.003090739250183105e+00
9.975565671920776367e-01
1.007541894912719727e+00
9.931696057319641113e-01
9.998131394386291504e-01
9.980270862579345703e-01
1.013240814208984375e+00
9.898129701614379883e-01
1.005891680717468262e+00
1.001691579818725586e+00
9.990666508674621582e-01
1.014643073081970215e+00
9.865623116493225098e-01
9.974226951599121094e-01
1.005757331848144531e+00
1.019956231117248535e+00
9.949268698692321777e-01
9.988592267036437988e-01
9.934542179107666016e-01
9.985413551330566406e-01
1.010954856872558594e+00
9.975582957267761230e-01
9.942218661308288574e-01
1.004966735839843750e+00
1.004970788955688477e+00
1.002244591712951660e+00
1.005993366241455078e+00
1.019499182701110840e+00
9.948310256004333496e-01
9.907689690589904785e-01
9.913944602012634277e-01
1.011003613471984863e+00
9.966537356376647949e-01
1.000349164009094238e+00
9.933573603630065918e-01
1.008246541023254395e+00
1.002004146575927734e+00
1.005255818367004395e+00
9.994099736213684082e-01
1.017747759819030762e+00
9.906455278396606445e-01
1.009297728538513184e+00
9.957145452499389648e-01
1.001594543457031250e+00
1.001938223838806152e+00
1.001299262046813965e+00
1.004493951797485352e+00
9.874958992004394531e-01
9.977187514305114746e-01
9.984290003776550293e-01
9.865536093711853027e-01
9.915316104888916016e-01
9.984897375106811523e-01
9.915306568145751953e-01
9.952135682106018066e-01
9.908846020698547363e-01
1.005056977272033691e+00
9.915237426757812500e-01
1.003277540206909180e+00
1.001359581947326660e+00
9.944567084312438965e-01
9.995102286338806152e-01
1.023260593414306641e+00
1.002810001373291016e+00
1.005686402320861816e+00
1.000619649887084961e+00
1.002467393875122070e+00
9.938529133796691895e-01
9.931979179382324219e-01
9.969688057899475098e-01
1.006819128990173340e+00
1.000739574432373047e+00
9.809824228286743164e-01
1.000970721244812012e+00
9.957462549209594727e-01
9.919564127922058105e-01
1.002826333045959473e+00
1.003896832466125488e+00
9.980936646461486816e-01
1.010250568389892578e+00
1.003513097763061523e+00
1.002877593040466309e+00
1.010434746742248535e+00
9.997525215148925781e-01
1.007286787033081055e+00
1.011122465133666992e+00
1.000012040138244629e+00
9.923146367073059082e-01
1.001168251037597656e+00
1.000573158264160156e+00
1.006015896797180176e+00
9.963651895523071289e-01
9.957435131072998047e-01
9.971274137496948242e-01
1.008192777633666992e+00
1.003819704055786133e+00
1.001801013946533203e+00
9.990347623825073242e-01
1.018991351127624512e+00
1.006888866424560547e+00
1.003571510314941406e+00
9.931852221488952637e-01
9.977945685386657715e-01
1.000670194625854492e+00
9.915748834609985352e-01
1.001570582389831543e+00
9.921323060989379883e-01
9.869263172149658203e-01
9.878554344177246094e-01
1.001027584075927734e+00
9.950221776962280273e-01
1.007233381271362305e+00
9.993094205856323242e-01
9.924709796905517578e-01
9.944159388542175293e-01
1.000441193580627441e+00
9.959824085235595703e-01
