3.940739333629608154e-01
-1.905545741319656372e-01
3.375580906867980957e-01
-1.272581219673156738e-01
1.997696161270141602e-01
1.675722450017929077e-01
-2.240346930921077728e-02
9.451477788388729095e-03
3.091546297073364258e-01
3.512431085109710693e-01
-1.397681515663862228e-02
-1.993677578866481781e-02
-1.439457833766937256e-01
-2.143827080726623535e-01
-1.978631466627120972e-01
1.611717641353607178e-01
2.422591000795364380e-01
8.616255968809127808e-02
-1.809154450893402100e-01
-1.599727272987365723e-01
-4.025518894195556641e-02
4.892049729824066162e-01
-1.687384769320487976e-02
-2.250549644231796265e-01
4.118002206087112427e-02
-7.902125269174575806e-02
4.371448159217834473e-01
1.303001344203948975e-01
-3.038268089294433594e-01
2.159877270460128784e-01
-2.685491740703582764e-01
2.080849409103393555e-01
-3.369689881801605225e-01
1.498021036386489868e-01
-4.184147417545318604e-01
3.813418745994567871e-02
-2.442891523241996765e-02
-6.423258222639560699e-03
5.193939805030822754e-01
4.184781014919281006e-02
5.375253781676292419e-02
-1.160276755690574646e-01
1.420113444328308105e-01
-4.093752801418304443e-01
-9.046314656734466553e-02
1.056376323103904724e-01
2.581375883892178535e-03
1.408047378063201904e-01
-5.950441956520080566e-02
2.327320277690887451e-01
7.217155396938323975e-02
1.835842579603195190e-01
-3.709765523672103882e-02
-4.521587491035461426e-02
9.689752012491226196e-02
4.650719463825225830e-01
-3.095099003985524178e-03
-6.739860773086547852e-02
-3.245222270488739014e-01
-2.951457798480987549e-01
1.856853812932968140e-01
-1.162374615669250488e-01
1.257767081260681152e-01
-9.810137748718261719e-02
2.129766494035720825e-01
1.126084327697753906e-01
-2.252886593341827393e-01
4.547905921936035156e-02
1.077896133065223694e-01
1.734165698289871216e-01
2.228749543428421021e-01
-1.493997871875762939e-01
4.560519754886627197e-02
1.532348394393920898e-01
1.437904238700866699e-01
-9.499800205230712891e-02
-6.392238140106201172e-01
-1.774019151926040649e-01
-3.162936568260192871e-01
-4.747679829597473145e-01
-7.029204070568084717e-02
7.794377207756042480e-02
-2.853738665580749512e-01
1.600914299488067627e-01
-1.131786704063415527e-01
-2.274578213691711426e-01
-6.722039729356765747e-02
-2.215548790991306305e-02
-2.458153814077377319e-01
2.618838250637054443e-01
-1.888787597417831421e-01
-5.156779289245605469e-02
-1.168466657400131226e-01
-1.745430827140808105e-01
-2.991682887077331543e-01
1.218112409114837646e-01
-1.511907856911420822e-02
2.131686955690383911e-01
-1.462346911430358887e-01
1.654583960771560669e-02
1.595002114772796631e-01
8.199156820774078369e-02
3.220849037170410156e-01
-2.283842116594314575e-01
-4.083056002855300903e-02
3.323069512844085693e-01
-8.145673573017120361e-02
-1.007080450654029846e-01
3.518684506416320801e-01
-7.494061440229415894e-02
-1.872957348823547363e-01
4.428195655345916748e-01
1.257050666026771069e-03
-2.789054214954376221e-01
-2.653047740459442139e-01
2.698057293891906738e-01
1.215753257274627686e-01
-2.223362028598785400e-02
1.436963677406311035e-02
-5.954100489616394043e-01
-1.237478926777839661e-01
9.734424948692321777e-02
-2.820450440049171448e-02
-1.901237070560455322e-01
-2.171943187713623047e-01
-1.122675389051437378e-01
-1.367133948951959610e-02
1.596468687057495117e-02
-2.456953004002571106e-02
-1.087530888617038727e-02
-2.686524018645286560e-02
1.147884055972099304e-01
-1.300580501556396484e-01
1.213508322834968567e-01
-2.392973378300666809e-02
1.114042773842811584e-01
-1.910038292407989502e-01
3.840059041976928711e-02
1.667450070381164551e-01
-3.337321877479553223e-01
7.778739929199218750e-02
-1.672157645225524902e-01
-1.251131445169448853e-01
-9.035056829452514648e-02
3.975916653871536255e-02
7.086442410945892334e-02
1.194299459457397461e-01
-1.315551698207855225e-01
-1.138152778148651123e-01
-1.269513219594955444e-01
-1.305720862001180649e-02
-9.524201601743698120e-02
2.824337184429168701e-01
-2.702579600736498833e-03
-4.590114578604698181e-02
-3.138341903686523438e-01
5.804206430912017822e-02
2.941820919513702393e-01
-1.332837641239166260e-01
-1.428551226854324341e-01
2.378555834293365479e-01
-1.328261196613311768e-01
-3.098286688327789307e-01
7.730744313448667526e-03
-7.770203799009323120e-02
6.084489449858665466e-02
-2.010821253061294556e-01
-3.668009117245674133e-02
-2.540694475173950195e-01
9.809641633182764053e-04
-1.563692279160022736e-02
-2.262401431798934937e-01
-1.115566417574882507e-01
-2.084797322750091553e-01
-1.153784990310668945e-01
1.801649928092956543e-01
-3.971714898943901062e-02
2.416631430387496948e-01
2.038310021162033081e-01
-8.830421417951583862e-02
-4.109986722469329834e-01
-5.142705440521240234e-01
2.467041164636611938e-01
-1.235388368368148804e-01
-1.579557359218597412e-01
1.993419677019119263e-01
7.566841691732406616e-02
2.990336716175079346e-01
-3.127391636371612549e-01
1.400803327560424805e-01
-2.971962094306945801e-01
2.248317301273345947e-01
2.793364226818084717e-01
1.119954213500022888e-01
3.982237577438354492e-01
1.354897171258926392e-01
2.862511761486530304e-02
-2.257484048604965210e-01
-1.009403765201568604e-01
2.037982791662216187e-01
1.336255222558975220e-01
-1.783716380596160889e-01
5.142467096447944641e-02
-8.578261733055114746e-02
2.428670786321163177e-02
9.015274792909622192e-02
1.965968608856201172e-01
-3.652534484863281250e-01
1.082357466220855713e-01
-1.312144994735717773e-01
4.787877947092056274e-02
6.923852860927581787e-02
7.582636177539825439e-02
-2.768742442131042480e-01
2.128002196550369263e-01
-1.765571683645248413e-01
5.713114738464355469e-01
-2.390390336513519287e-01
2.611479163169860840e-01
2.070855200290679932e-01
3.657455742359161377e-01
-5.519772320985794067e-02
1.880517899990081787e-01
-1.855506449937820435e-01
4.330616910010576248e-03
2.523416280746459961e-01
1.064985319972038269e-01
-2.126697152853012085e-01
-4.004937037825584412e-02
-2.474341392517089844e-01
-2.819541096687316895e-01
1.527439355850219727e-01
5.469023436307907104e-02
9.673742204904556274e-02
-4.927004128694534302e-02
-2.137546837329864502e-01
2.255343496799468994e-01
-7.554419338703155518e-02
1.305347383022308350e-01
-2.214159071445465088e-01
2.473057806491851807e-01
4.836996793746948242e-01
2.110039815306663513e-02
-1.302981823682785034e-01
-1.198054775595664978e-01
-3.345355093479156494e-01
-2.050927579402923584e-01
-5.499418973922729492e-01
2.215048074722290039e-01
-6.485126912593841553e-02
1.971542537212371826e-01
-3.412990868091583252e-01
-5.391267314553260803e-02
-1.196135133504867554e-01
1.144130080938339233e-01
-1.649010553956031799e-02
3.291656374931335449e-01
-4.732436537742614746e-01
-2.171905040740966797e-01
-1.878149062395095825e-01
8.719593286514282227e-02
-2.360806614160537720e-01
-2.281468361616134644e-01
6.093141064047813416e-02
-5.981684476137161255e-02
1.052679866552352905e-01
2.859699428081512451e-01
-1.511586755514144897e-01
8.120805770158767700e-02
2.423544973134994507e-01
-2.577445805072784424e-01
-2.505138814449310303e-01
-2.456455379724502563e-01
-1.736908107995986938e-01
-5.149351060390472412e-02
1.630586534738540649e-01
-1.563871353864669800e-01
9.294750541448593140e-02
-7.875134795904159546e-02
9.429480880498886108e-02
3.536410927772521973e-01
-2.891824543476104736e-01
-1.427737921476364136e-01
1.043954491615295410e-01
2.020968496799468994e-01
1.515910476446151733e-01
-1.580429822206497192e-01
6.396944820880889893e-02
-4.466384351253509521e-01
3.230006992816925049e-01
1.385040730237960815e-01
1.429604142904281616e-01
3.676778078079223633e-02
-1.463439166545867920e-01
4.488140642642974854e-01
-2.086863219738006592e-01
-3.426063954830169678e-01
-2.919330596923828125e-01
4.677613079547882080e-02
-7.123325020074844360e-02
8.804750442504882812e-02
1.031820923089981079e-01
4.080311208963394165e-02
-4.745515063405036926e-02
-3.100852370262145996e-01
4.040503799915313721e-01
6.307470053434371948e-02
9.211197495460510254e-02
1.438689678907394409e-01
1.312927454710006714e-01
2.755183577537536621e-01
-1.500532478094100952e-01
-2.327702492475509644e-01
-2.839480042457580566e-01
8.017661422491073608e-02
-3.723938763141632080e-01
-1.734077483415603638e-01
-4.402323067188262939e-01
-8.010566979646682739e-02
1.898209452629089355e-01
-9.783773124217987061e-02
-1.257710810750722885e-02
-2.248364984989166260e-01
-1.530540436506271362e-01
3.206047788262367249e-02
-1.740487068891525269e-01
4.761514067649841309e-02
1.120852082967758179e-01
5.135739445686340332e-01
2.717786431312561035e-01
1.827193200588226318e-01
-8.089372515678405762e-02
6.935493648052215576e-02
-4.200727939605712891e-01
2.039082907140254974e-02
-1.935537606477737427e-01
2.433653771877288818e-01
-6.940530985593795776e-02
6.706660985946655273e-02
3.135542571544647217e-02
-4.525903463363647461e-01
-3.178620710968971252e-02
1.310135573148727417e-01
9.171852469444274902e-02
-2.033511642366647720e-03
-2.179129272699356079e-01
-4.066038876771926880e-02
-1.889010146260261536e-02
1.282955408096313477e-01
4.270697832107543945e-01
2.073386758565902710e-01
2.295939251780509949e-02
-1.385839283466339111e-01
-1.920790374279022217e-01
-1.450123637914657593e-02
4.750118032097816467e-02
2.281075268983840942e-01
1.137713342905044556e-01
-4.509702324867248535e-01
-4.236169755458831787e-01
6.994845345616340637e-03
-1.520322114229202271e-01
-4.648999571800231934e-01
-3.058522045612335205e-01
-3.515457808971405029e-01
1.060403999872505665e-03
-3.684190660715103149e-02
7.880134135484695435e-02
-3.381925225257873535e-01
5.847553163766860962e-02
3.971097469329833984e-01
7.389555126428604126e-02
-3.075934946537017822e-01
-4.410205781459808350e-01
4.426894709467887878e-03
2.432177662849426270e-01
-4.981553927063941956e-02
6.134899333119392395e-02
1.371767371892929077e-01
1.623031795024871826e-01
3.182625863701105118e-03
-6.235517561435699463e-02
-3.315634131431579590e-01
-6.060634274035692215e-03
1.919747442007064819e-01
-1.547477096319198608e-01
-5.397307127714157104e-02
-1.619634032249450684e-01
9.064070135354995728e-02
-2.464670240879058838e-01
-1.493449658155441284e-01
2.629188001155853271e-01
-9.796055033802986145e-03
2.532753348350524902e-01
9.422527998685836792e-02
-7.960454374551773071e-02
1.779629290103912354e-01
-1.174478325992822647e-02
-2.966078184545040131e-02
1.600667238235473633e-01
1.340053677558898926e-01
-1.711004972457885742e-01
-2.416010499000549316e-01
-7.457216084003448486e-02
-1.429395973682403564e-01
-1.140533462166786194e-01
6.934653222560882568e-02
1.668636500835418701e-02
-3.615239858627319336e-01
-7.414321601390838623e-02
1.277916282415390015e-01
4.149519205093383789e-01
-1.290660500526428223e-01
-1.034305095672607422e-01
-4.336477816104888916e-02
-1.614953950047492981e-02
1.806428134441375732e-01
3.518059551715850830e-01
-1.537316292524337769e-01
1.686847060918807983e-01
-2.601250410079956055e-01
-2.320695072412490845e-01
1.783283799886703491e-01
-2.811375856399536133e-01
-2.619886100292205811e-01
-1.118430197238922119e-01
2.171984910964965820e-01
-5.631644651293754578e-02
-3.087234795093536377e-01
-5.834539234638214111e-02
-3.983581662178039551e-01
-3.084057569503784180e-01
-5.309678912162780762e-01
1.187026128172874451e-01
5.015481710433959961e-01
2.348730713129043579e-02
2.491345256567001343e-01
3.906220793724060059e-01
-3.046175837516784668e-01
-2.096181660890579224e-01
1.159521471709012985e-02
-3.733360469341278076e-01
-1.276877075433731079e-01
-2.151657082140445709e-02
-3.122554421424865723e-01
1.724100708961486816e-01
1.534942388534545898e-01
-2.556604146957397461e-01
1.663888990879058838e-01
1.609782129526138306e-01
2.275850772857666016e-01
-1.212589093483984470e-03
-1.045107543468475342e-01
-1.288539618253707886e-01
-2.728516757488250732e-01
3.732529282569885254e-02
-8.680256456136703491e-02
1.291271746158599854e-01
-1.553975790739059448e-01
-2.352170497179031372e-01
-3.926464542746543884e-02
2.110898792743682861e-01
-5.981089547276496887e-02
2.556240260601043701e-01
-1.012255251407623291e-01
1.481960415840148926e-01
8.732466399669647217e-02
-2.376159727573394775e-01
-2.821685075759887695e-01
-2.787339687347412109e-01
-8.553555607795715332e-02
1.126234605908393860e-01
1.843767464160919189e-01
2.423848360776901245e-01
-2.549499273300170898e-01
-2.717251516878604889e-02
-9.045220166444778442e-02
6.772208027541637421e-03
4.544693827629089355e-01
1.548405140638351440e-01
3.347337245941162109e-01
-3.767450451850891113e-01
-1.766594685614109039e-02
-5.772296190261840820e-01
6.056741625070571899e-02
3.667612969875335693e-01
9.860017895698547363e-02
-3.143084049224853516e-01
1.136899888515472412e-01
-2.410045415163040161e-01
-8.335760235786437988e-02
8.947938680648803711e-02
4.460623860359191895e-02
3.573803769540973008e-05
2.363604754209518433e-01
-2.800102829933166504e-01
2.999897301197052002e-01
-1.835987865924835205e-01
2.213063687086105347e-01
-3.799852132797241211e-01
-1.928808391094207764e-01
8.181443810462951660e-02
-5.480684638023376465e-01
-1.381587386131286621e-01
-3.185986280441284180e-01
7.279095705598592758e-03
2.993557155132293701e-01
-4.574660956859588623e-02
2.831440046429634094e-02
-1.017949357628822327e-01
-4.738196358084678650e-02
1.089375391602516174e-01
-3.278246521949768066e-02
2.076340913772583008e-01
1.232556160539388657e-02
1.287818402051925659e-01
2.302914857864379883e-01
1.043156459927558899e-01
1.115978881716728210e-01
-2.927775681018829346e-01
7.073106616735458374e-02
-5.195534322410821915e-04
1.420692056417465210e-01
6.142263486981391907e-02
4.744739457964897156e-02
-3.796737641096115112e-02
2.845231816172599792e-02
-3.819249868392944336e-01
-3.045297563076019287e-01
1.464259922504425049e-01
2.058302164077758789e-01
3.751712292432785034e-02
-9.386435896158218384e-02
1.926578134298324585e-01
-4.294411092996597290e-02
3.537801504135131836e-01
2.716004252433776855e-01
-2.369861900806427002e-01
-4.590659588575363159e-02
-4.246284961700439453e-01
2.220230400562286377e-01
-1.264505684375762939e-01
-1.071110442280769348e-01
-2.253262549638748169e-01
-4.206654429435729980e-02
-1.040291562676429749e-01
-2.405496090650558472e-01
-2.058918327093124390e-01
1.665893495082855225e-01
8.113887161016464233e-02
-2.805758453905582428e-02
-3.298672139644622803e-01
-3.270020708441734314e-02
-1.694558262825012207e-01
-1.398495584726333618e-02
2.196899056434631348e-01
-1.026755273342132568e-01
-3.056098818778991699e-01
-1.871435493230819702e-01
5.705642700195312500e-01
-1.743164807558059692e-01
-8.341240137815475464e-02
-2.365819960832595825e-01
3.395426273345947266e-02
4.937453940510749817e-02
1.743980497121810913e-01
4.820377826690673828e-01
1.325872447341680527e-02
-4.361207485198974609e-01
-3.537313081324100494e-03
1.581247597932815552e-01
-3.242501616477966309e-01
4.858248576056212187e-04
-8.405085653066635132e-03
-3.664495944976806641e-01
-3.233606368303298950e-02
2.049294412136077881e-01
-8.607945591211318970e-02
-1.798376441001892090e-01
-1.381031125783920288e-01
-6.742165237665176392e-02
-1.346372812986373901e-02
3.263647258281707764e-01
1.183726117014884949e-01
1.922911591827869415e-02
-9.479995071887969971e-02
2.915429184213280678e-03
-1.315061599016189575e-01
-2.637080848217010498e-01
3.018210530281066895e-01
2.251040637493133545e-01
2.853928692638874054e-02
-5.277026295661926270e-01
4.740594420582056046e-03
-3.378365933895111084e-01
-1.094949841499328613e-01
7.548756897449493408e-02
-4.927309155464172363e-01
7.929730415344238281e-02
2.352341711521148682e-01
1.538445353507995605e-01
-1.349421590566635132e-01
-1.080710589885711670e-01
1.338307857513427734e-01
4.920927882194519043e-01
-2.547805905342102051e-01
7.968178391456604004e-02
-1.857247650623321533e-01
-1.315339207649230957e-01
3.082242980599403381e-02
3.100588619709014893e-01
1.012349948287010193e-01
2.846429944038391113e-01
9.141854196786880493e-02
3.853596448898315430e-01
3.491061031818389893e-01
1.951393783092498779e-01
1.193398162722587585e-01
6.886647641658782959e-02
9.122911840677261353e-02
3.809032738208770752e-01
2.900914475321769714e-02
-3.628789186477661133e-01
1.112169027328491211e-01
1.817424744367599487e-01
1.415017899125814438e-02
3.534390777349472046e-02
2.738880552351474762e-02
-1.371397171169519424e-02
3.836899399757385254e-01
-3.530642390251159668e-01
2.350020222365856171e-02
-1.000230237841606140e-01
-2.334967702627182007e-01
5.376348644495010376e-02
-1.929947733879089355e-01
-3.953273296356201172e-01
-8.081872016191482544e-02
1.578349322080612183e-01
-1.345729231834411621e-01
3.446302115917205811e-01
5.615003407001495361e-02
-1.161836683750152588e-01
-1.241851225495338440e-01
-1.335684061050415039e-01
2.162106037139892578e-01
-1.257088780403137207e-01
-1.920379549264907837e-01
2.844242155551910400e-01
1.080767810344696045e-01
5.150032043457031250e-02
1.531811803579330444e-01
3.020740486681461334e-02
2.901934981346130371e-01
4.313835799694061279e-01
-8.758555352687835693e-02
3.217099010944366455e-01
1.028997153043746948e-01
-9.332546591758728027e-02
-6.008144095540046692e-02
-4.892195761203765869e-02
-1.655825525522232056e-01
-2.009847760200500488e-02
-1.006889417767524719e-01
-1.315233409404754639e-01
-3.154480457305908203e-01
3.129580020904541016e-01
1.594810187816619873e-01
2.135039418935775757e-01
-3.283572569489479065e-02
7.268986105918884277e-02
-7.113544642925262451e-02
-1.055541262030601501e-01
2.419538050889968872e-01
-1.751219183206558228e-01
3.886511921882629395e-01
4.882146418094635010e-02
-2.853092849254608154e-01
2.288268879055976868e-03
-4.425276815891265869e-02
2.760723531246185303e-01
1.495600193738937378e-01
2.182400785386562347e-02
2.486702203750610352e-01
-1.232818588614463806e-01
-1.937755793333053589e-01
-4.300443828105926514e-01
-2.291521877050399780e-01
-6.966004520654678345e-02
-3.540992438793182373e-01
2.191775441169738770e-01
4.519270956516265869e-01
3.630294278264045715e-02
-3.293731436133384705e-02
-2.517490414902567863e-03
-1.790497004985809326e-01
-1.089671552181243896e-01
2.975315749645233154e-01
1.619094014167785645e-01
1.418453007936477661e-01
-7.549001276493072510e-02
3.515817523002624512e-01
-2.382816560566425323e-02
-5.346563458442687988e-01
1.216917950659990311e-02
-1.135758459568023682e-01
-2.520427703857421875e-01
3.412706032395362854e-02
6.146032735705375671e-02
-1.119699627161026001e-01
-1.387174427509307861e-01
3.434628993272781372e-02
-7.490640878677368164e-02
1.522255837917327881e-01
1.805051863193511963e-01
2.405263334512710571e-01
2.106544226408004761e-01
-3.019969463348388672e-01
-7.744219154119491577e-02
2.795882821083068848e-01
-3.393492996692657471e-01
3.410243093967437744e-01
-4.941457509994506836e-01
-6.362468004226684570e-02
1.667748987674713135e-01
2.314603477716445923e-01
1.198980584740638733e-01
1.436198651790618896e-01
3.084996715188026428e-02
-3.225779235363006592e-01
-1.395938098430633545e-01
1.573553234338760376e-01
1.873780936002731323e-01
9.477579034864902496e-03
-3.093913570046424866e-02
-5.879702791571617126e-02
-2.013132125139236450e-01
2.697488069534301758e-01
-1.105743423104286194e-01
1.212808489799499512e-01
-1.017131805419921875e-01
-3.116463124752044678e-01
2.623162865638732910e-01
6.672496348619461060e-02
-1.912148296833038330e-01
5.780245661735534668e-01
6.806340813636779785e-02
-2.312882617115974426e-02
1.045603230595588684e-01
3.888583779335021973e-01
1.882140338420867920e-01
-2.888950705528259277e-01
-4.354461729526519775e-01
2.681612670421600342e-01
-2.095778286457061768e-01
-4.573552310466766357e-01
1.243873313069343567e-01
-1.178380474448204041e-01
3.340467214584350586e-01
2.080962806940078735e-01
-9.057065099477767944e-02
-1.590221673250198364e-01
-1.365460902452468872e-01
3.775786757469177246e-01
1.921625286340713501e-01
-2.750744298100471497e-02
-7.963807135820388794e-02
-1.529774069786071777e-01
-2.840039432048797607e-01
-3.091349601745605469e-01
2.087620645761489868e-01
1.998554617166519165e-01
-1.856601983308792114e-01
1.273329854011535645e-01
1.356714870780706406e-02
2.413888126611709595e-01
1.772745996713638306e-01
2.028501778841018677e-01
3.755563125014305115e-02
-2.333200424909591675e-01
-8.170253038406372070e-02
2.852107286453247070e-01
3.200428485870361328e-01
1.258680671453475952e-01
-4.093743264675140381e-01
1.872420161962509155e-01
-6.090565025806427002e-02
-3.167183399200439453e-01
-1.494999378919601440e-01
-7.987111806869506836e-02
-3.278193473815917969e-01
3.439060598611831665e-02
1.127867102622985840e-01
-8.374398946762084961e-02
-6.109890714287757874e-02
-2.175146341323852539e-01
2.176806777715682983e-01
-1.691861003637313843e-01
3.525704517960548401e-02
-1.049201469868421555e-02
-2.760502099990844727e-01
-2.916083633899688721e-01
-2.833911776542663574e-01
1.966818794608116150e-02
1.130168884992599487e-01
-2.331754714250564575e-01
-2.808358073234558105e-01
-2.680744230747222900e-01
2.574320323765277863e-02
-1.898451708257198334e-02
-1.550569981336593628e-01
-1.745944470167160034e-01
-1.800341308116912842e-01
-1.020731404423713684e-01
-1.141353473067283630e-01
1.733550876379013062e-01
-1.381711214780807495e-01
1.071273684501647949e-01
3.790430724620819092e-02
4.713966846466064453e-01
-9.356714040040969849e-02
-6.540921330451965332e-02
-3.396710157394409180e-01
1.158128604292869568e-01
-5.246388912200927734e-01
-2.419121414422988892e-01
-1.310312449932098389e-01
4.647839069366455078e-01
-1.380173563957214355e-01
-2.717339694499969482e-01
2.328699082136154175e-01
-2.252226136624813080e-02
4.759465456008911133e-01
-3.727250099182128906e-01
-3.382469713687896729e-01
1.571550667285919189e-01
8.256155252456665039e-02
4.980039596557617188e-02
1.241643447428941727e-03
-3.673854768276214600e-01
1.340582221746444702e-01
-3.791287541389465332e-01
-2.591015994548797607e-01
-8.669254183769226074e-02
2.562665641307830811e-01
1.003314368426799774e-02
3.219642341136932373e-01
-2.764402925968170166e-01
3.531751930713653564e-01
6.059248000383377075e-02
1.909504979848861694e-01
1.945105753839015961e-02
1.393251866102218628e-01
-3.165261149406433105e-01
9.655230492353439331e-02
2.314864844083786011e-01
9.209924936294555664e-02
-1.620241701602935791e-01
-1.655915677547454834e-01
-1.282446831464767456e-01
-3.280995190143585205e-01
-5.512590706348419189e-02
6.921185255050659180e-01
6.377923488616943359e-02
-1.107392162084579468e-01
2.694706916809082031e-01
-1.231053471565246582e-01
-8.173255622386932373e-02
1.075432896614074707e-01
2.413934469223022461e-02
-3.459920585155487061e-01
-2.946086823940277100e-01
1.310487985610961914e-01
1.519619971513748169e-01
4.126724898815155029e-01
-3.696833550930023193e-01
3.845342099666595459e-01
7.760180160403251648e-04
4.988466203212738037e-02
8.239198476076126099e-02
4.091757535934448242e-02
-1.415093662217259407e-03
1.485728621482849121e-01
-4.281063973903656006e-01
1.868990808725357056e-01
5.300353467464447021e-02
8.460646867752075195e-02
-2.408838421106338501e-01
-3.242870569229125977e-01
-2.425312101840972900e-01
-3.744937106966972351e-02
-2.946053743362426758e-01
-2.773880958557128906e-02
-1.509283185005187988e-01
-4.603462293744087219e-02
-6.073998659849166870e-02
-2.153413444757461548e-01
-2.641243636608123779e-01
-1.690212935209274292e-01
-1.488444060087203979e-01
1.918768510222434998e-02
-5.490046367049217224e-02
9.497398883104324341e-02
-1.186733320355415344e-01
8.429738879203796387e-02
1.812003403902053833e-01
-1.485226899385452271e-01
-4.441281855106353760e-01
-2.828692793846130371e-01
-3.010087311267852783e-01
-4.166760742664337158e-01
2.072873897850513458e-02
1.903357654809951782e-01
-3.013404905796051025e-01
6.439960002899169922e-02
-5.264288187026977539e-01
-4.452652484178543091e-02
-1.851470023393630981e-01
3.448215723037719727e-01
-2.513596713542938232e-01
-1.063162684440612793e-01
-1.239695474505424500e-01
2.024985104799270630e-02
1.064317580312490463e-02
8.221212774515151978e-02
1.297175791114568710e-02
3.263888508081436157e-02
3.559176251292228699e-02
-2.069505490362644196e-02
-2.745825648307800293e-01
-2.920503020286560059e-01
-1.581711024045944214e-01
-4.115527123212814331e-02
2.470463663339614868e-01
-2.131138928234577179e-02
-1.739298701286315918e-01
-2.472005039453506470e-01
-2.280693799257278442e-01
-2.681016325950622559e-01
6.982900202274322510e-02
-2.415963858366012573e-01
1.951292902231216431e-01
3.270059227943420410e-01
1.775577962398529053e-01
-2.275575101375579834e-01
3.676752746105194092e-01
1.455919072031974792e-02
-3.125512599945068359e-01
-1.982372850179672241e-01
1.169119551777839661e-01
2.987170219421386719e-01
-2.246583551168441772e-01
-1.007070690393447876e-01
1.077997535467147827e-01
-1.309131830930709839e-01
4.302601516246795654e-01
-4.241641759872436523e-01
1.469375491142272949e-01
1.342730224132537842e-01
4.971246421337127686e-01
-2.045670151710510254e-01
1.278015375137329102e-01
2.858553826808929443e-01
-1.221380680799484253e-01
1.583227887749671936e-02
-5.269424244761466980e-02
-4.064062237739562988e-01
9.585295617580413818e-02
6.715963780879974365e-02
-4.487061128020286560e-02
8.117474499158561230e-05
4.116711020469665527e-01
3.124792873859405518e-01
-6.507351994514465332e-02
2.086793333292007446e-01
-2.754192650318145752e-01
-2.659274339675903320e-01
-1.037677302956581116e-01
1.532718352973461151e-02
-1.983064860105514526e-01
2.061256393790245056e-02
-3.692089319229125977e-01
1.076253578066825867e-01
2.814009785652160645e-02
1.664713472127914429e-01
5.345730856060981750e-02
-2.942710369825363159e-02
-7.925333082675933838e-02
-3.715526461601257324e-01
-2.699597477912902832e-01
4.203384220600128174e-01
-1.926727741956710815e-01
-2.399422228336334229e-01
3.122425675392150879e-01
2.345139347016811371e-02
-5.228091478347778320e-01
-2.703570723533630371e-01
4.555055201053619385e-01
6.322745233774185181e-02
3.412037491798400879e-01
1.602363437414169312e-01
-4.996765851974487305e-01
-2.022476941347122192e-01
5.273748189210891724e-02
1.501268893480300903e-01
-1.519299596548080444e-01
-2.308575659990310669e-01
3.201993405818939209e-01
3.318803906440734863e-01
-7.638110220432281494e-02
-3.349483311176300049e-01
3.358953893184661865e-01
2.263237982988357544e-01
1.218793615698814392e-01
-9.042680263519287109e-02
2.557994425296783447e-02
1.366838067770004272e-01
7.319033890962600708e-02
-1.900587528944015503e-01
7.007164880633354187e-03
2.517359331250190735e-02
-9.976471774280071259e-03
1.409323886036872864e-02
2.714805901050567627e-01
