-4.843254387378692627e-01
-1.853781640529632568e-01
6.251763105392456055e-01
-1.586585342884063721e-01
-3.588158190250396729e-01
8.276988565921783447e-02
-4.452935457229614258e-01
-3.346737325191497803e-01
-4.580457508563995361e-01
-4.751593470573425293e-01
-1.023652851581573486e-01
-3.654178380966186523e-01
-2.170348465442657471e-01
-3.744371980428695679e-02
-3.738738298416137695e-01
-1.116985440254211426e+00
1.778227239847183228e-01
-2.552269697189331055e-01
2.466322183609008789e-01
-3.993802964687347412e-01
1.544771641492843628e-01
6.820568442344665527e-02
-5.590299144387245178e-02
2.862949371337890625e-01
-6.707634031772613525e-02
4.620260596275329590e-01
-1.105975657701492310e-01
3.361168801784515381e-01
-3.686107993125915527e-01
-3.310424983501434326e-01
1.450555771589279175e-02
-1.113322973251342773e-01
2.235653102397918701e-01
-2.788077853620052338e-02
-6.143807768821716309e-01
-2.902781665325164795e-01
2.335163056850433350e-01
2.192574292421340942e-01
2.176864296197891235e-01
-4.416486024856567383e-01
-1.199548542499542236e-01
-7.681639790534973145e-01
-6.683588624000549316e-01
-5.624774694442749023e-01
-2.194771170616149902e-01
1.723657548427581787e-01
1.387856304645538330e-01
7.159065008163452148e-01
5.157768726348876953e-01
-5.360093712806701660e-01
2.497555315494537354e-02
-3.281149268150329590e-01
-5.485071539878845215e-01
6.830499768257141113e-01
6.051810979843139648e-01
-2.785453200340270996e-01
2.274020314216613770e-01
-2.359657287597656250e-01
3.110042810440063477e-01
3.231036663055419922e-02
-2.094193994998931885e-01
-4.713207483291625977e-01
8.570376038551330566e-01
-2.320592403411865234e-01
2.067165076732635498e-01
6.362464427947998047e-01
8.157067745923995972e-02
-1.056348308920860291e-01
1.509978920221328735e-01
1.253162771463394165e-01
-5.341442823410034180e-01
5.261240005493164062e-01
-4.977724552154541016e-01
-3.749268352985382080e-01
-3.952545523643493652e-01
4.430875182151794434e-01
-2.534494400024414062e-01
6.633433699607849121e-02
-2.200409173965454102e-01
1.755506992340087891e-01
1.189861670136451721e-01
8.643656969070434570e-01
9.408131837844848633e-01
-6.664658784866333008e-01
-5.416056513786315918e-01
1.520176697522401810e-02
-7.749218493700027466e-02
2.200920283794403076e-01
-1.189778931438922882e-02
-6.689028739929199219e-01
8.697639703750610352e-01
-1.107103899121284485e-01
-2.752692997455596924e-01
-4.962148070335388184e-01
1.658329218626022339e-01
-6.796684861183166504e-02
-3.115105926990509033e-01
-5.149342492222785950e-02
-5.666588619351387024e-02
-7.578624784946441650e-02
-3.683548271656036377e-01
-1.206417102366685867e-02
-1.561251580715179443e-01
-1.805180758237838745e-01
-1.414660271257162094e-02
-8.813268542289733887e-01
-1.261973381042480469e-01
-2.727578282356262207e-01
-5.264582633972167969e-01
-5.775503516197204590e-01
-3.503385484218597412e-01
-3.325511217117309570e-01
-7.410696148872375488e-01
5.102251470088958740e-02
-5.734264105558395386e-02
2.576249241828918457e-01
-4.835108220577239990e-01
5.785753130912780762e-01
1.878338009119033813e-01
-1.859580129384994507e-01
5.451580882072448730e-01
1.535443868488073349e-02
5.339585542678833008e-01
-3.057992318645119667e-03
-8.441114425659179688e-01
-1.415224075317382812e-01
5.830582380294799805e-01
-2.539260685443878174e-01
-9.104012846946716309e-01
-4.847376942634582520e-01
-4.168085157871246338e-01
-4.617180675268173218e-03
-1.815149039030075073e-01
-5.073762536048889160e-01
1.194840967655181885e-01
-4.097194597125053406e-02
-1.233785033226013184e+00
1.512640416622161865e-01
-2.831496000289916992e-01
-8.921898007392883301e-01
-4.051609039306640625e-01
2.041956223547458649e-02
1.157803274691104889e-02
9.278195351362228394e-02
-7.248760461807250977e-01
-3.110496103763580322e-01
-2.494472712278366089e-01
-2.056847363710403442e-01
-5.108788609504699707e-01
-3.496195077896118164e-01
-6.828350424766540527e-01
-6.088532805442810059e-01
2.736535370349884033e-01
3.591010347008705139e-02
9.225351363420486450e-02
1.393383592367172241e-01
-5.069985985755920410e-02
-2.849540710449218750e-01
3.477972149848937988e-01
-4.686511754989624023e-01
1.613243371248245239e-01
-3.547511696815490723e-01
-1.547826081514358521e-01
-2.672936916351318359e-01
-5.108851790428161621e-01
1.736911535263061523e-01
1.273782998323440552e-01
-1.328139901161193848e-01
-6.358312964439392090e-01
-4.468086063861846924e-01
1.039513707160949707e+00
3.390838801860809326e-01
-1.978474259376525879e-01
-3.803370594978332520e-01
-3.163479268550872803e-01
1.279244869947433472e-01
5.007244348526000977e-01
1.289465278387069702e-01
-6.049756407737731934e-01
3.495156764984130859e-01
4.368751347064971924e-01
-3.304974138736724854e-01
-1.910280883312225342e-01
-3.063210844993591309e-01
2.479451596736907959e-01
1.085387244820594788e-01
8.667936921119689941e-02
5.247327685356140137e-02
2.895441651344299316e-01
-6.020405888557434082e-01
5.737612247467041016e-01
-1.074008122086524963e-01
-7.307146787643432617e-01
4.377675056457519531e-02
6.847255229949951172e-01
-4.634855389595031738e-01
-5.073559586890041828e-04
-4.789691567420959473e-01
2.216734178364276886e-02
6.159999966621398926e-02
1.983108818531036377e-01
-5.367061495780944824e-01
-8.496884107589721680e-01
7.142883539199829102e-01
-9.004495739936828613e-01
-7.430528104305267334e-02
-3.450555205345153809e-01
-3.080450296401977539e-01
-5.921676158905029297e-01
-9.430528432130813599e-02
-3.637975156307220459e-01
3.489256799221038818e-01
-1.892714351415634155e-01
-3.104363679885864258e-01
6.391538381576538086e-01
1.220453381538391113e-01
1.199630275368690491e-01
-1.077167876064777374e-02
-6.127007603645324707e-01
-4.537683853413909674e-04
-3.952754139900207520e-01
-2.682387530803680420e-01
-1.787018217146396637e-02
-3.085261881351470947e-01
-4.262970089912414551e-01
-6.003256440162658691e-01
8.497866243124008179e-02
-7.242017388343811035e-01
-5.235320329666137695e-01
1.766872825101017952e-03
2.012663632631301880e-01
-2.102718688547611237e-03
3.011710345745086670e-01
-1.438628882169723511e-01
5.495786070823669434e-01
-1.516793370246887207e-01
7.595405727624893188e-02
-2.235720157623291016e-01
-2.621399462223052979e-01
1.434210240840911865e-01
-6.978474557399749756e-02
-1.612411588430404663e-01
1.650474965572357178e-01
5.522571802139282227e-01
3.197683990001678467e-01
-1.056462287902832031e+00
-1.374570727348327637e-01
-6.180323362350463867e-01
9.766680002212524414e-02
7.528097927570343018e-02
-2.404597401618957520e-01
-2.363869845867156982e-01
-1.110223904252052307e-01
3.427633047103881836e-01
-1.329423580318689346e-02
-1.439561992883682251e-01
