2.683461271226406097e-02
1.174430269747972488e-02
2.920675650238990784e-02
4.229822754859924316e-02
3.326092660427093506e-02
7.247602567076683044e-03
2.841663733124732971e-02
3.625840321183204651e-02
2.256947569549083710e-02
1.185440551489591599e-02
4.993689712136983871e-03
5.947966128587722778e-03
1.289791893213987350e-02
2.395957708358764648e-02
4.763053730130195618e-03
6.819165311753749847e-03
2.818446420133113861e-02
4.048978164792060852e-02
2.998894639313220978e-02
9.432085789740085602e-03
1.608351059257984161e-02
1.695430651307106018e-02
3.923548012971878052e-02
1.731363683938980103e-02
3.057074360549449921e-02
2.995018847286701202e-02
2.629205584526062012e-02
3.579746931791305542e-02
3.632521256804466248e-02
4.968687426298856735e-03
4.402777552604675293e-02
5.910199601203203201e-03
1.403748057782649994e-02
6.896737497299909592e-03
1.470678113400936127e-02
8.200599811971187592e-03
8.840238675475120544e-03
2.753640525043010712e-02
1.285512372851371765e-02
7.549262605607509613e-03
1.208974979817867279e-02
1.741395331919193268e-02
7.229988463222980499e-03
3.470715507864952087e-02
2.706484869122505188e-02
2.376832813024520874e-02
2.729736082255840302e-02
8.178120478987693787e-03
1.860974356532096863e-02
7.887565530836582184e-03
2.262769453227519989e-02
2.362879551947116852e-02
6.721058860421180725e-03
2.913690358400344849e-02
3.695776686072349548e-02
1.067321561276912689e-02
7.766683585941791534e-03
9.255486540496349335e-03
1.503310352563858032e-02
1.657726243138313293e-02
1.192819699645042419e-02
3.294042125344276428e-02
2.466770261526107788e-02
1.733374595642089844e-02
