-1.724467158317565918e+00
1.668005347251892090e+00
2.362468242645263672e+00
1.961040735244750977e+00
1.856743097305297852e+00
-2.235384225845336914e+00
-1.761325240135192871e+00
5.826389193534851074e-01
-3.794881105422973633e+00
-1.740374565124511719e+00
-1.456422567367553711e+00
1.851115703582763672e+00
2.102161407470703125e+00
2.024247169494628906e+00
-3.475093841552734375e+00
-4.304307937622070312e+00
1.282577991485595703e+00
-1.277589797973632812e+00
-3.220315217971801758e+00
1.950431227684020996e+00
-3.486889600753784180e+00
-3.960504293441772461e+00
-2.071308374404907227e+00
1.929737091064453125e+00
2.772592544555664062e+00
-3.109222173690795898e+00
2.809952259063720703e+00
2.301999568939208984e+00
1.513836503028869629e+00
-3.078806400299072266e+00
1.696079015731811523e+00
2.397254705429077148e+00
2.131198883056640625e+00
-2.352511405944824219e+00
-2.179698705673217773e+00
-2.529688596725463867e+00
3.982048988342285156e+00
-1.275199294090270996e+00
-3.054796457290649414e+00
3.128199577331542969e+00
2.541347026824951172e+00
2.359357118606567383e+00
8.437245488166809082e-01
4.111225605010986328e+00
-3.606388568878173828e+00
-3.171623945236206055e+00
-3.887308120727539062e+00
5.954447984695434570e-01
-3.188877105712890625e+00
-3.106697797775268555e+00
-3.054766416549682617e+00
-1.803914546966552734e+00
1.548482537269592285e+00
-2.769331932067871094e+00
-2.989304304122924805e+00
-8.250001072883605957e-01
-1.634688019752502441e+00
-3.297122955322265625e+00
1.724451303482055664e+00
-2.096488475799560547e+00
2.157688856124877930e+00
2.839545011520385742e+00
-3.122732400894165039e+00
-2.760928869247436523e+00
2.102853298187255859e+00
1.504979610443115234e+00
-1.004227280616760254e+00
2.528079271316528320e+00
-3.493948698043823242e+00
2.388278722763061523e+00
1.831139683723449707e+00
-2.929858446121215820e+00
-3.081767797470092773e+00
-2.313045740127563477e+00
-3.593887567520141602e+00
-1.119010329246520996e+00
2.542139291763305664e+00
7.788229584693908691e-01
3.044512271881103516e+00
-3.091015577316284180e+00
-3.217958927154541016e+00
1.926609516143798828e+00
3.124604701995849609e+00
-1.002802848815917969e+00
-1.496185898780822754e+00
3.066064596176147461e+00
-2.473545789718627930e+00
-4.164700508117675781e+00
-3.489608287811279297e+00
2.884312391281127930e+00
3.141362905502319336e+00
3.914903163909912109e+00
1.615181922912597656e+00
3.020786523818969727e+00
1.269846796989440918e+00
4.770843505859375000e+00
-1.279475569725036621e+00
3.511690378189086914e+00
4.927186965942382812e-01
-1.503319740295410156e+00
4.219247817993164062e+00
-3.103311061859130859e+00
-3.626552104949951172e+00
3.526284456253051758e+00
2.103643894195556641e+00
-2.541985750198364258e+00
1.149566173553466797e+00
-3.084000110626220703e+00
-3.286314249038696289e+00
-3.478126287460327148e+00
-1.936708688735961914e+00
-2.605358123779296875e+00
9.823316335678100586e-01
-4.692251205444335938e+00
1.477237492799758911e-01
-3.697744846343994141e+00
-3.626332044601440430e+00
-1.826217174530029297e+00
-3.422182798385620117e+00
3.620445966720581055e+00
-2.152360916137695312e+00
-3.904020547866821289e+00
2.407736778259277344e+00
-2.279144287109375000e+00
2.723466634750366211e+00
3.183163404464721680e+00
-2.271981477737426758e+00
3.425624608993530273e+00
2.733370065689086914e+00
3.513751983642578125e+00
2.113933086395263672e+00
1.114716291427612305e+00
-3.102747678756713867e+00
-3.203572034835815430e+00
-1.785353899002075195e+00
-2.848283290863037109e+00
-8.194055408239364624e-02
3.632211685180664062e+00
-3.088737010955810547e+00
-9.963362216949462891e-01
2.448214769363403320e+00
-2.321009874343872070e+00
-1.896844148635864258e+00
-2.559221744537353516e+00
-2.222655296325683594e+00
1.060644030570983887e+00
-7.239207625389099121e-01
-3.221429109573364258e+00
-2.813897371292114258e+00
3.505159914493560791e-01
3.495186567306518555e+00
-2.162585973739624023e+00
4.341279029846191406e+00
-4.217869415879249573e-02
-1.218837141990661621e+00
-2.121513128280639648e+00
2.319176435470581055e+00
-3.232702970504760742e+00
1.608223438262939453e+00
-2.395956963300704956e-01
2.461556911468505859e+00
-1.407789707183837891e+00
1.847481846809387207e+00
1.493481159210205078e+00
4.423850059509277344e+00
-1.091358065605163574e+00
-2.751100778579711914e+00
2.609862804412841797e+00
1.141932010650634766e+00
8.033082485198974609e-01
-1.628996849060058594e+00
-2.893734693527221680e+00
2.728053033351898193e-01
2.609529256820678711e+00
-2.494886398315429688e+00
-2.528112411499023438e+00
-2.029021263122558594e+00
-2.205298185348510742e+00
-3.564776897430419922e+00
-1.966238379478454590e+00
1.328293800354003906e+00
3.258090496063232422e+00
-3.186014890670776367e+00
-2.738586425781250000e+00
2.927986383438110352e+00
-1.787061572074890137e+00
-1.995626568794250488e+00
1.668721675872802734e+00
-3.858136177062988281e+00
-4.224535942077636719e+00
-2.222223281860351562e+00
-1.024638414382934570e+00
-3.398410081863403320e+00
3.244225978851318359e+00
2.808552503585815430e+00
8.638619780540466309e-01
-2.350985527038574219e+00
1.510791897773742676e+00
3.331729412078857422e+00
2.309890508651733398e+00
-3.666736602783203125e+00
-4.291008949279785156e+00
-3.642601251602172852e+00
-1.615623593330383301e+00
2.491729021072387695e+00
-1.084423899650573730e+00
-2.515847206115722656e+00
1.687594652175903320e+00
3.894679546356201172e+00
3.362937927246093750e+00
-2.429177522659301758e+00
4.009586811065673828e+00
-1.163444280624389648e+00
2.739802122116088867e+00
-2.109771013259887695e+00
-2.162518739700317383e+00
-2.941951036453247070e+00
3.570058584213256836e+00
-1.311359703540802002e-01
1.055323004722595215e+00
-3.005288839340209961e+00
1.530657768249511719e+00
2.970010519027709961e+00
1.697657108306884766e+00
2.487808465957641602e+00
-3.340724468231201172e+00
2.748487234115600586e+00
-3.258436679840087891e+00
-2.229803562164306641e+00
3.515621662139892578e+00
2.198314666748046875e+00
9.958943724632263184e-01
-2.102521181106567383e+00
3.453157663345336914e+00
-3.292193174362182617e+00
-2.551221847534179688e+00
3.346344709396362305e+00
-1.896394252777099609e+00
6.503953337669372559e-01
1.811872720718383789e+00
-3.265059292316436768e-01
4.760518968105316162e-01
-3.015027523040771484e+00
-2.925764799118041992e+00
-1.594164609909057617e+00
-2.667807817459106445e+00
2.535936832427978516e+00
-2.869768619537353516e+00
-2.827199697494506836e+00
-3.165347099304199219e+00
-2.030737638473510742e+00
-2.151098012924194336e+00
2.134065151214599609e+00
-6.073839962482452393e-02
-2.303021192550659180e+00
-3.010476589202880859e+00
3.090723276138305664e+00
1.501800775527954102e+00
1.760258436203002930e+00
2.233051538467407227e+00
1.545882582664489746e+00
-3.668659925460815430e-01
-3.729086637496948242e+00
-3.092503070831298828e+00
1.047287344932556152e+00
-3.142816781997680664e+00
2.936664581298828125e+00
3.051546096801757812e+00
-2.173103094100952148e+00
3.837319314479827881e-01
3.510720252990722656e+00
-3.379934310913085938e+00
1.521788954734802246e+00
-1.835751056671142578e+00
3.976141452789306641e+00
-3.026830434799194336e+00
-3.255151033401489258e+00
-1.860409736633300781e+00
-3.452876091003417969e+00
-1.276443958282470703e+00
-2.038797855377197266e+00
2.753369331359863281e+00
2.396004915237426758e+00
-1.296694517135620117e+00
2.923883438110351562e+00
3.882110118865966797e+00
1.932566285133361816e+00
4.088357448577880859e+00
-2.136783599853515625e+00
2.670469760894775391e+00
4.601559162139892578e+00
-1.978021025657653809e+00
3.257181644439697266e+00
2.030880212783813477e+00
-2.185731410980224609e+00
1.969477295875549316e+00
3.839097976684570312e+00
-2.906196355819702148e+00
-3.840465545654296875e+00
-4.374669075012207031e+00
3.206218481063842773e+00
6.328747272491455078e-01
-1.895504951477050781e+00
-2.625703334808349609e+00
1.917209625244140625e+00
-2.788610696792602539e+00
-2.851572275161743164e+00
-4.008058071136474609e+00
7.157879471778869629e-01
2.214180231094360352e+00
-1.632963418960571289e+00
-2.073616027832031250e+00
8.914303779602050781e-01
3.313602685928344727e+00
3.978029966354370117e+00
-1.877473950386047363e+00
3.284354925155639648e+00
3.290662765502929688e+00
3.924711704254150391e+00
-1.454475402832031250e+00
2.406426906585693359e+00
-3.801158905029296875e+00
2.823877334594726562e+00
-3.930203199386596680e+00
-3.080703973770141602e+00
-1.925922274589538574e+00
2.835767745971679688e+00
1.735780596733093262e+00
-3.608756780624389648e+00
-2.444060802459716797e+00
-1.997641444206237793e+00
-2.704133749008178711e+00
-5.174699306488037109e+00
2.937819480895996094e+00
2.501083374023437500e+00
1.143266320228576660e+00
6.372141242027282715e-01
4.415054798126220703e+00
1.577192783355712891e+00
2.039821147918701172e+00
-2.351440668106079102e+00
4.518724441528320312e+00
3.379874467849731445e+00
-1.844872117042541504e+00
-2.656128644943237305e+00
-1.944296479225158691e+00
-1.843194246292114258e+00
1.130363583564758301e+00
1.448938608169555664e+00
-2.468366622924804688e+00
2.264927864074707031e+00
2.318888187408447266e+00
1.157484889030456543e+00
-2.954926967620849609e+00
-3.868657112121582031e+00
1.577156066894531250e+00
1.002321124076843262e+00
2.789157629013061523e+00
-2.848302125930786133e+00
1.856156229972839355e+00
-2.573550701141357422e+00
-2.303590297698974609e+00
-2.305160999298095703e+00
3.478483676910400391e+00
1.941848158836364746e+00
-2.275100708007812500e+00
1.566296935081481934e+00
2.256534814834594727e+00
1.303516387939453125e+00
1.695690751075744629e+00
6.015320420265197754e-01
-2.401260614395141602e+00
-2.020880937576293945e+00
-6.885362863540649414e-01
-2.600208759307861328e+00
1.908763885498046875e+00
1.518032073974609375e+00
-3.702693939208984375e+00
-3.108458757400512695e+00
2.071965456008911133e+00
1.070104360580444336e+00
3.008456707000732422e+00
6.568118184804916382e-02
3.748357534408569336e+00
3.529028415679931641e+00
-3.352844715118408203e+00
3.875854730606079102e+00
2.048807859420776367e+00
-2.797717094421386719e+00
2.852500677108764648e+00
-4.685368537902832031e-01
4.334620952606201172e+00
1.865603804588317871e+00
-2.089818954467773438e+00
-2.569245815277099609e+00
-1.362146139144897461e+00
-1.529233813285827637e+00
-2.154225826263427734e+00
1.680379986763000488e+00
-1.200711205601692200e-01
-6.942922472953796387e-01
-1.160311698913574219e+00
-1.854220032691955566e+00
-2.089514285326004028e-01
3.458499670028686523e+00
-2.078351497650146484e+00
-3.661443948745727539e+00
2.446493864059448242e+00
-2.131348371505737305e+00
-2.184172630310058594e+00
-2.500778198242187500e+00
-1.966641306877136230e+00
-8.854156136512756348e-01
-2.754157781600952148e+00
-1.546540617942810059e+00
1.764611601829528809e+00
-1.719357967376708984e+00
2.523271799087524414e+00
4.228750228881835938e+00
1.837301492691040039e+00
2.635164737701416016e+00
-4.545767784118652344e+00
-3.155375003814697266e+00
-1.974385023117065430e+00
6.315205097198486328e-01
3.474998235702514648e+00
-3.612688302993774414e+00
1.399883508682250977e+00
-2.173989295959472656e+00
-1.509901762008666992e+00
3.036437273025512695e+00
-2.034126043319702148e+00
3.253243684768676758e+00
-2.604041337966918945e+00
1.899228572845458984e+00
3.322257757186889648e+00
1.370817422866821289e+00
2.716649770736694336e+00
2.250676631927490234e+00
-2.541716575622558594e+00
2.644829750061035156e+00
-1.934635162353515625e+00
2.239611148834228516e+00
-2.261168956756591797e+00
-2.141983509063720703e+00
-1.604663491249084473e+00
2.975792646408081055e+00
1.223043560981750488e+00
-1.049124717712402344e+00
1.832029700279235840e+00
-2.924170494079589844e+00
-2.392692565917968750e+00
3.042418479919433594e+00
1.524515509605407715e+00
-2.678400039672851562e+00
2.490842342376708984e-02
-3.051830768585205078e+00
-2.992179632186889648e+00
9.509347677230834961e-01
2.819360017776489258e+00
-1.074741601943969727e+00
3.328002691268920898e+00
1.617882490158081055e+00
3.231730937957763672e+00
3.254359960556030273e+00
-2.860271692276000977e+00
-1.285930514335632324e+00
-3.138773202896118164e+00
1.678241729736328125e+00
-1.757205128669738770e+00
2.197402954101562500e+00
-2.649755716323852539e+00
1.714795231819152832e+00
2.700883865356445312e+00
2.025508165359497070e+00
3.923720598220825195e+00
1.496397733688354492e+00
-1.594971418380737305e+00
-4.375648200511932373e-01
3.860389947891235352e+00
3.046424865722656250e+00
-2.340904712677001953e+00
4.252638339996337891e+00
2.672218799591064453e+00
3.093228340148925781e+00
2.423182725906372070e+00
1.869795918464660645e+00
3.304409503936767578e+00
-2.709162712097167969e+00
3.916054248809814453e+00
8.048216104507446289e-01
-2.230133533477783203e+00
9.703844785690307617e-01
2.574844121932983398e+00
-1.664044499397277832e+00
1.640938043594360352e+00
3.292360305786132812e+00
1.430405974388122559e+00
2.739664316177368164e+00
1.818004488945007324e+00
2.153944969177246094e+00
-1.723667860031127930e+00
-3.370685577392578125e+00
1.202574253082275391e+00
2.049775362014770508e+00
-1.236720919609069824e+00
2.434305429458618164e+00
-1.803865194320678711e+00
3.741338491439819336e+00
8.977865576744079590e-01
2.620518207550048828e+00
2.192588329315185547e+00
