4.121206998825073242e-01
4.586980044841766357e-01
3.540566861629486084e-01
2.263348698616027832e-01
3.664021492004394531e-01
3.826004862785339355e-01
2.341151088476181030e-01
3.899061381816864014e-01
3.367220759391784668e-01
5.563378334045410156e-01
5.609026551246643066e-01
6.031078696250915527e-01
2.887596786022186279e-01
4.227591156959533691e-01
3.743943572044372559e-01
2.833403348922729492e-01
4.126284718513488770e-01
3.417705297470092773e-01
2.342292070388793945e-01
5.910945534706115723e-01
1.942218989133834839e-01
2.135291993618011475e-01
2.651973664760589600e-01
4.968139827251434326e-01
3.773731589317321777e-01
2.186307162046432495e-01
3.255504965782165527e-01
3.019965291023254395e-01
5.816784501075744629e-01
4.151029884815216064e-01
4.286284148693084717e-01
2.798147201538085938e-01
4.206000864505767822e-01
4.824169874191284180e-01
2.049304842948913574e-01
2.448552250862121582e-01
3.715124130249023438e-01
2.339980453252792358e-01
3.156181573867797852e-01
3.611187040805816650e-01
2.914451956748962402e-01
2.951887845993041992e-01
3.026988208293914795e-01
3.553608655929565430e-01
2.661517262458801270e-01
1.684414148330688477e-01
4.037524461746215820e-01
2.762999832630157471e-01
3.670731782913208008e-01
3.052772581577301025e-01
3.452357053756713867e-01
3.942023515701293945e-01
5.014597773551940918e-01
3.540645241737365723e-01
4.516014456748962402e-01
2.946038842201232910e-01
2.319982349872589111e-01
4.927431046962738037e-01
4.805834591388702393e-01
3.346773386001586914e-01
5.042553544044494629e-01
3.546503782272338867e-01
3.462973535060882568e-01
2.247067093849182129e-01
2.891728281974792480e-01
3.196578621864318848e-01
2.266136705875396729e-01
2.537236213684082031e-01
5.830473303794860840e-01
3.625491857528686523e-01
2.856324017047882080e-01
3.602246046066284180e-01
3.468852043151855469e-01
2.693593502044677734e-01
3.019030690193176270e-01
4.470995664596557617e-01
2.725301682949066162e-01
2.849839329719543457e-01
3.026852309703826904e-01
2.621616423130035400e-01
3.704268336296081543e-01
3.162829279899597168e-01
3.117081522941589355e-01
6.001160740852355957e-01
2.965365648269653320e-01
6.083492040634155273e-01
3.529228568077087402e-01
3.497005701065063477e-01
3.545885086059570312e-01
5.038595199584960938e-01
4.434126019477844238e-01
4.258853197097778320e-01
3.800679445266723633e-01
4.869216084480285645e-01
6.088976263999938965e-01
6.922456026077270508e-01
2.737112045288085938e-01
1.792534291744232178e-01
2.512701451778411865e-01
3.927606046199798584e-01
4.813914597034454346e-01
2.855050563812255859e-01
4.360219836235046387e-01
2.470763176679611206e-01
3.652777373790740967e-01
2.594097256660461426e-01
3.610551059246063232e-01
3.446099162101745605e-01
2.492292374372482300e-01
2.090921998023986816e-01
3.130841255187988281e-01
5.363947153091430664e-01
3.766388595104217529e-01
3.063300549983978271e-01
4.031896293163299561e-01
6.057006120681762695e-01
4.115864932537078857e-01
4.993723034858703613e-01
4.782893359661102295e-01
3.393678367137908936e-01
4.913256168365478516e-01
1.892282366752624512e-01
2.198979854583740234e-01
2.160633802413940430e-01
3.805418312549591064e-01
3.970677554607391357e-01
3.009173870086669922e-01
4.238513112068176270e-01
