2.377140820026397705e-01
3.228913247585296631e-01
-2.797283828258514404e-01
-4.670992791652679443e-01
2.745259404182434082e-01
-4.884730875492095947e-01
5.399513244628906250e-02
-1.524972170591354370e-01
-8.336270600557327271e-02
-2.355185151100158691e-02
2.988845668733119965e-02
5.224370956420898438e-02
-3.475199639797210693e-01
6.237282752990722656e-01
1.978734284639358521e-01
-5.016374588012695312e-01
-4.701441824436187744e-01
4.215126931667327881e-01
5.419922471046447754e-01
2.951652109622955322e-01
4.774772226810455322e-01
-1.145522892475128174e-01
-1.205211505293846130e-01
-3.573269844055175781e-01
4.996495842933654785e-01
8.338957279920578003e-02
-9.669538587331771851e-02
5.766317844390869141e-01
5.581859126687049866e-02
-3.237842023372650146e-01
-6.737864762544631958e-02
-1.623901575803756714e-01
-1.262792497873306274e-01
-2.721393108367919922e-01
1.428481191396713257e-01
-3.500259220600128174e-01
-2.583737075328826904e-01
5.406147241592407227e-01
-4.087245166301727295e-01
-3.045831024646759033e-01
1.130187660455703735e-01
2.862865030765533447e-01
-5.341558158397674561e-02
-1.363332420587539673e-01
-2.218243181705474854e-01
9.457213431596755981e-02
-2.391047030687332153e-02
-4.915418624877929688e-01
-2.856582999229431152e-01
2.191488891839981079e-01
-3.946172595024108887e-01
1.389293372631072998e-01
1.557160764932632446e-01
2.214491963386535645e-01
-9.339696168899536133e-02
-5.432059168815612793e-01
1.421569287776947021e-01
-3.922566473484039307e-01
-9.365705773234367371e-04
-6.825932860374450684e-02
2.782497704029083252e-01
2.861318588256835938e-01
-5.141776204109191895e-01
5.066629052162170410e-01
