-1.151939705014228821e-01
-5.555622652173042297e-02
2.451162785291671753e-02
2.255026996135711670e-02
1.670855879783630371e-01
-4.072476923465728760e-02
3.336012735962867737e-02
-1.161886826157569885e-01
8.093994110822677612e-02
1.996003091335296631e-01
1.518247425556182861e-01
1.404404789209365845e-01
-9.343738853931427002e-02
5.166463851928710938e-01
-3.766669034957885742e-01
2.670032382011413574e-01
9.669601172208786011e-02
1.932348012924194336e-01
-1.091280281543731689e-01
-3.724268376827239990e-01
2.373025007545948029e-02
1.757762283086776733e-01
4.267474263906478882e-02
-1.818712651729583740e-01
-3.535495400428771973e-01
2.653309404850006104e-01
-1.522893011569976807e-01
-2.424355410039424896e-02
2.754629850387573242e-01
1.075478717684745789e-01
1.839070022106170654e-01
1.245011296123266220e-02
-2.674994170665740967e-01
-6.894847750663757324e-01
-2.186096906661987305e-01
-1.675997525453567505e-01
2.513304650783538818e-01
-1.561060547828674316e-02
3.513934910297393799e-01
-1.418161541223526001e-01
-3.420533239841461182e-02
-2.549803256988525391e-01
1.085114330053329468e-01
1.977708637714385986e-01
4.229032993316650391e-01
1.271072328090667725e-01
-3.626900017261505127e-01
1.670853942632675171e-01
3.145306929945945740e-02
1.479516178369522095e-02
2.198412828147411346e-02
1.730088591575622559e-01
6.207218766212463379e-02
-9.798227995634078979e-02
3.298792243003845215e-02
9.939202666282653809e-02
2.931064963340759277e-01
1.556191444396972656e-01
5.960096046328544617e-02
-2.923589944839477539e-01
-2.237217873334884644e-01
-4.072505980730056763e-02
-4.794501699507236481e-03
-2.901130318641662598e-01
2.439322173595428467e-01
1.480890158563852310e-02
-2.672682888805866241e-02
6.406240910291671753e-02
-3.176249265670776367e-01
-1.356018334627151489e-01
6.780245900154113770e-02
-2.336698621511459351e-01
-2.270964533090591431e-01
7.997655868530273438e-02
-4.509959742426872253e-02
-2.568163871765136719e-01
1.396798193454742432e-01
6.827373057603836060e-02
3.152102828025817871e-01
-3.554197847843170166e-01
9.852410852909088135e-02
-3.595465421676635742e-01
2.926486432552337646e-01
-2.287906706333160400e-01
-3.953047096729278564e-02
-1.559482514858245850e-01
4.619254916906356812e-02
8.969365060329437256e-02
3.451674580574035645e-01
-1.144838239997625351e-02
4.464129358530044556e-02
-7.151323556900024414e-02
2.381285876035690308e-01
2.852764129638671875e-01
-4.172151908278465271e-02
-6.460789125412702560e-03
-8.287448436021804810e-02
-2.323678135871887207e-01
-5.238188803195953369e-02
4.097451269626617432e-02
2.309345901012420654e-01
1.937776356935501099e-01
3.040620125830173492e-02
4.020006954669952393e-02
-4.964266438037157059e-03
-8.512144535779953003e-02
1.044976338744163513e-01
-1.571852900087833405e-02
-3.897815644741058350e-01
-3.299462795257568359e-01
-2.015985101461410522e-01
1.088896021246910095e-01
-1.182554289698600769e-01
3.653329908847808838e-01
1.343338638544082642e-01
-1.087806671857833862e-01
1.345308423042297363e-01
-1.870806813240051270e-01
-2.015061080455780029e-01
8.773168921470642090e-02
-4.210700839757919312e-02
-8.298952132463455200e-02
-1.059339568018913269e-02
-3.100399076938629150e-01
2.427792933303862810e-04
2.701537311077117920e-01
3.978435993194580078e-01
-1.575133055448532104e-01
2.007643729448318481e-01
3.845881819725036621e-01
4.972169995307922363e-01
-2.510106861591339111e-01
1.739823520183563232e-01
-5.788720846176147461e-01
-3.808799013495445251e-02
-8.841601759195327759e-02
2.746753990650177002e-01
2.572891414165496826e-01
2.140383720397949219e-01
-1.954313814640045166e-01
2.141901291906833649e-02
-4.814293980598449707e-01
-1.491965446621179581e-02
-2.715849280357360840e-01
1.563148498535156250e-01
3.650909289717674255e-02
-2.660368978977203369e-01
-6.030932068824768066e-02
1.582570672035217285e-01
1.440415084362030029e-01
1.478288918733596802e-01
7.384821027517318726e-02
5.823367834091186523e-01
-1.464194655418395996e-01
4.780781567096710205e-01
1.132764369249343872e-01
-2.114463001489639282e-01
-2.093169242143630981e-01
5.725734680891036987e-02
1.959816217422485352e-01
1.220882162451744080e-01
7.912442833185195923e-02
-1.590574383735656738e-01
5.164558440446853638e-02
-8.385138586163520813e-03
1.140490546822547913e-02
2.531709671020507812e-01
-3.584871441125869751e-02
5.538126826286315918e-02
-1.052342951297760010e-01
-1.472862809896469116e-01
2.992632687091827393e-01
-7.713036239147186279e-02
-2.606859505176544189e-01
-1.154094189405441284e-01
3.794528543949127197e-01
5.578837543725967407e-02
-2.220227122306823730e-01
-1.833232939243316650e-01
3.525526821613311768e-01
1.879092007875442505e-01
-1.871174424886703491e-01
-1.092424616217613220e-02
2.335013747215270996e-01
-5.085121840238571167e-02
3.922767937183380127e-02
2.843233048915863037e-01
1.063145846128463745e-01
-1.823705136775970459e-01
-2.772805988788604736e-01
-8.788964897394180298e-02
8.150909096002578735e-02
-1.402750313282012939e-01
-1.217108890414237976e-01
2.849543094635009766e-01
-1.384259909391403198e-01
-3.236004114151000977e-01
-9.805334359407424927e-02
-3.769553899765014648e-01
-3.423859179019927979e-01
3.772591054439544678e-01
-5.715709924697875977e-01
1.304618418216705322e-01
-1.249631717801094055e-01
5.567919015884399414e-01
8.305475860834121704e-02
7.914198189973831177e-02
6.448389589786529541e-02
1.420991569757461548e-01
-1.219954937696456909e-01
1.819333732128143311e-01
4.636683464050292969e-01
-2.021468281745910645e-01
-1.050029508769512177e-02
-1.516767740249633789e-01
-4.414984881877899170e-01
7.291503250598907471e-02
-2.900751829147338867e-01
1.289725452661514282e-01
2.543762028217315674e-01
-2.045274823904037476e-01
-7.919120788574218750e-02
3.405849635601043701e-02
5.228653084486722946e-03
-2.485541403293609619e-01
4.773418605327606201e-02
1.152312159538269043e-01
1.775233894586563110e-01
1.888717263936996460e-01
2.329245954751968384e-01
1.548701897263526917e-02
3.216087520122528076e-01
7.611992955207824707e-02
5.101239774376153946e-03
1.958011686801910400e-01
2.086236327886581421e-02
1.398209035396575928e-01
1.048903614282608032e-01
6.205023452639579773e-02
-7.397704571485519409e-02
3.056901097297668457e-01
1.919366568326950073e-01
-3.341021761298179626e-02
3.551142513751983643e-01
-6.073503196239471436e-02
-1.213056594133377075e-01
-5.166292563080787659e-02
3.098253905773162842e-01
-2.100899219512939453e-01
-1.791352480649948120e-01
-6.455772370100021362e-02
1.720550842583179474e-02
1.929376721382141113e-01
1.160397902131080627e-01
-1.511697471141815186e-01
2.578112483024597168e-01
2.805128879845142365e-02
-2.901360020041465759e-02
4.136159718036651611e-01
1.294356584548950195e-01
3.950288295745849609e-01
8.670802414417266846e-02
-1.609083563089370728e-01
1.446281969547271729e-01
1.866931468248367310e-01
-1.260414272546768188e-01
-5.941520445048809052e-03
1.823608204722404480e-02
-1.461839079856872559e-01
1.071122810244560242e-01
4.516083002090454102e-02
1.069872155785560608e-01
-1.726159751415252686e-01
1.119613796472549438e-01
2.325021475553512573e-01
7.244756817817687988e-02
1.587253510951995850e-01
7.918933779001235962e-02
2.521840631961822510e-01
-3.289532065391540527e-01
1.134608313441276550e-01
-1.030841097235679626e-01
2.184439003467559814e-01
-4.733305051922798157e-02
4.757863283157348633e-02
-1.609337776899337769e-01
4.199892878532409668e-01
1.096983999013900757e-01
-2.268506139516830444e-01
3.722513020038604736e-01
-1.018169671297073364e-01
-8.712062239646911621e-02
9.484156966209411621e-02
-6.760296877473592758e-03
7.694517076015472412e-02
3.179198130965232849e-02
1.560023128986358643e-01
9.618011862039566040e-02
1.226151287555694580e-01
2.914700657129287720e-02
1.142686530947685242e-01
-2.494963556528091431e-01
-1.612390726804733276e-01
-3.594434261322021484e-02
1.189481914043426514e-01
-3.739652931690216064e-01
1.881828457117080688e-01
1.540655940771102905e-01
1.424777805805206299e-01
-1.249518245458602905e-01
6.606899946928024292e-02
-2.736927866935729980e-01
1.165920794010162354e-01
2.060818523168563843e-01
2.816930115222930908e-01
8.325071632862091064e-02
2.328904345631599426e-02
7.153339684009552002e-02
9.193364530801773071e-02
-1.004209276288747787e-02
1.856219023466110229e-01
-1.554627865552902222e-01
1.221200264990329742e-02
-1.954923570156097412e-01
2.542212605476379395e-01
1.020708680152893066e-01
2.384145855903625488e-01
-1.240570992231369019e-01
-3.421830385923385620e-02
1.553999632596969604e-01
-1.927009820938110352e-01
-7.919237017631530762e-02
-1.800082325935363770e-01
-2.328261882066726685e-01
-4.079956114292144775e-01
-3.934783115983009338e-02
-1.038697883486747742e-01
-1.910609658807516098e-03
1.338295638561248779e-01
6.110346876084804535e-03
1.811627298593521118e-01
-1.169195398688316345e-02
-6.661309394985437393e-03
-9.810042381286621094e-02
1.559850424528121948e-01
-9.772364795207977295e-02
4.234062433242797852e-01
6.198563054203987122e-02
-1.114965826272964478e-01
-1.367770135402679443e-01
-4.166640639305114746e-01
-2.852889001369476318e-01
2.766054868698120117e-01
-1.323131620883941650e-01
2.323485612869262695e-01
9.376024454832077026e-02
-1.257833987474441528e-01
-4.730978310108184814e-01
-1.719611734151840210e-01
-2.681065201759338379e-01
-2.384246736764907837e-01
9.347945451736450195e-02
-2.390329986810684204e-01
2.248045206069946289e-01
-1.324930936098098755e-01
-1.673908084630966187e-01
-6.082608103752136230e-01
-1.100582070648670197e-02
3.541569039225578308e-02
-5.214267875999212265e-03
-5.497951060533523560e-02
-4.522332176566123962e-02
-1.823289394378662109e-01
9.937205910682678223e-02
2.965211495757102966e-02
-5.938660353422164917e-02
-2.165774405002593994e-01
4.012072458863258362e-02
-4.695997759699821472e-02
3.662053123116493225e-02
9.363769739866256714e-02
3.141159564256668091e-02
-3.280195593833923340e-01
-7.238823175430297852e-02
-2.662606239318847656e-01
-8.161540329456329346e-02
3.764578700065612793e-01
2.710436657071113586e-02
1.369043886661529541e-01
1.165803447365760803e-01
-1.655952483415603638e-01
1.923640966415405273e-01
-4.158223867416381836e-01
1.989154517650604248e-01
4.607532173395156860e-02
-3.623046725988388062e-02
-8.704567700624465942e-02
-2.875404655933380127e-01
3.570849001407623291e-01
2.736925482749938965e-01
1.705849468708038330e-01
2.686128616333007812e-01
2.795400023460388184e-01
-2.466755658388137817e-01
2.996010705828666687e-03
-2.881101965904235840e-01
-1.699501872062683105e-01
3.285502493381500244e-01
2.969627082347869873e-02
-9.691883623600006104e-02
-1.446785777807235718e-01
1.706935316324234009e-01
-1.059905365109443665e-01
1.382869780063629150e-01
2.108363956212997437e-01
9.410343319177627563e-02
8.089421689510345459e-02
-2.568982243537902832e-01
-9.144119918346405029e-02
1.447948068380355835e-01
1.203848645091056824e-01
-2.346931248903274536e-01
-1.729651689529418945e-01
2.217301428318023682e-01
8.690233528614044189e-02
-6.722996383905410767e-02
-4.117506146430969238e-01
1.101332232356071472e-01
2.150045633316040039e-01
-2.037299424409866333e-01
-3.263066709041595459e-02
3.278837800025939941e-01
5.531945452094078064e-02
3.151869177818298340e-01
-2.990764081478118896e-01
7.855026423931121826e-02
-4.113731905817985535e-02
1.581442505121231079e-01
-1.716148555278778076e-01
6.287920475006103516e-02
2.893041670322418213e-01
-2.992626130580902100e-01
6.052559241652488708e-02
-2.241958230733871460e-01
-4.464231804013252258e-02
-1.418880671262741089e-01
4.233199357986450195e-02
1.716059818863868713e-02
-2.251488119363784790e-01
1.007492840290069580e-01
-3.265906125307083130e-02
-4.070775210857391357e-01
-1.744919717311859131e-01
-7.972545921802520752e-02
-8.397602289915084839e-02
2.743996679782867432e-01
-6.599655002355575562e-02
-1.024656966328620911e-01
9.739759564399719238e-02
8.095999062061309814e-02
-1.387344151735305786e-01
5.645613372325897217e-02
4.090867340564727783e-01
-3.057298660278320312e-01
-3.472982048988342285e-01
8.656869083642959595e-02
3.548281965777277946e-04
-3.051955699920654297e-01
-1.246276944875717163e-01
-2.301207035779953003e-01
7.457289099693298340e-02
-2.701238691806793213e-01
8.751741796731948853e-02
-9.539685398340225220e-02
-8.315044641494750977e-02
1.718175709247589111e-01
-2.096137106418609619e-01
1.811233460903167725e-01
1.467083692550659180e-01
2.679425477981567383e-01
5.111397057771682739e-02
2.779851257801055908e-01
6.396031007170677185e-03
1.287797689437866211e-01
2.377192862331867218e-02
-3.851740360260009766e-01
-1.673174835741519928e-02
1.732121687382459641e-03
1.599534898996353149e-01
-2.558389678597450256e-02
-5.493779852986335754e-02
-2.226411700248718262e-01
8.559531718492507935e-02
-5.359357222914695740e-02
-1.288997977972030640e-01
3.495747745037078857e-01
-2.981945313513278961e-02
-4.883148968219757080e-01
1.716939061880111694e-01
3.928204774856567383e-01
-2.314656972885131836e-01
1.829743534326553345e-01
4.511049985885620117e-01
-1.463500559329986572e-01
1.883200854063034058e-01
9.682404249906539917e-02
-4.444498419761657715e-01
-2.346575856208801270e-01
-1.516687870025634766e-02
-2.491478919982910156e-01
2.181334495544433594e-01
9.754703193902969360e-02
-1.835417933762073517e-02
7.677964121103286743e-02
-2.960011959075927734e-01
-1.626296937465667725e-01
-7.694585621356964111e-02
2.520248480141162872e-02
-3.157591819763183594e-02
-5.146181210875511169e-02
-8.641131967306137085e-02
1.761901527643203735e-01
5.388094577938318253e-03
-3.407753109931945801e-01
-1.220989003777503967e-01
-6.113354116678237915e-02
-4.910577088594436646e-02
1.639773100614547729e-01
-1.040472388267517090e-01
-3.665066882967948914e-02
-4.415647685527801514e-02
8.511721342802047729e-02
-2.444616556167602539e-01
2.794697880744934082e-01
1.751156710088253021e-02
-7.612799108028411865e-02
-5.644673109054565430e-02
9.733402170240879059e-03
2.280162721872329712e-01
2.772365510463714600e-01
-2.908796072006225586e-01
1.186360195279121399e-01
1.468440610915422440e-02
5.805204436182975769e-02
1.158398762345314026e-01
4.857800528407096863e-02
2.225928381085395813e-02
-2.395635237917304039e-03
-4.459163844585418701e-01
-3.893027827143669128e-02
-9.259479492902755737e-02
2.361163496971130371e-02
-2.321704057976603508e-03
2.144062817096710205e-01
-6.348542869091033936e-02
-1.332510709762573242e-01
-3.551159799098968506e-01
-4.910219088196754456e-02
1.950168460607528687e-01
-2.159097939729690552e-01
2.277181629324331880e-04
-4.168567061424255371e-02
-7.967697083950042725e-02
-1.085944920778274536e-01
-9.378250688314437866e-02
6.359466314315795898e-01
4.608257487416267395e-02
-4.977803211659193039e-03
-2.492350339889526367e-01
-4.202100634574890137e-01
2.547191977500915527e-01
-1.015806123614311218e-01
-2.209518849849700928e-01
1.473655849695205688e-01
-3.161601349711418152e-02
-8.651264756917953491e-02
-3.169944277033209801e-03
3.100914694368839264e-02
-3.684736192226409912e-01
-3.969289958477020264e-01
-3.049721717834472656e-01
1.802034378051757812e-01
1.139716506004333496e-01
-4.591064155101776123e-02
6.773541867733001709e-02
1.280599534511566162e-01
2.421952933073043823e-01
-4.421367868781089783e-02
-4.283426105976104736e-01
-2.075468450784683228e-01
1.227772235870361328e-01
1.021315082907676697e-01
-1.548366248607635498e-01
1.301420014351606369e-02
1.067943945527076721e-01
2.552383244037628174e-01
2.820789813995361328e-01
-4.227077960968017578e-02
-1.588618010282516479e-01
-2.144804149866104126e-01
-2.019245773553848267e-01
-1.718003749847412109e-01
-1.826576739549636841e-01
1.069129481911659241e-01
-3.068747818470001221e-01
1.560661010444164276e-02
-8.320213109254837036e-02
-1.772812567651271820e-02
-2.441015243530273438e-01
4.748518019914627075e-02
1.353643238544464111e-01
-2.243520170450210571e-01
3.128328025341033936e-01
-2.760386765003204346e-01
9.243969619274139404e-02
2.075307220220565796e-01
-7.547023892402648926e-02
6.854977458715438843e-02
-5.297825485467910767e-02
3.348323702812194824e-01
2.055503875017166138e-01
-1.905353814363479614e-01
-3.388783633708953857e-01
-2.103539109230041504e-01
4.321317672729492188e-01
-5.998931825160980225e-02
1.603753715753555298e-01
-1.309525072574615479e-01
3.966638147830963135e-01
-1.230307295918464661e-01
-2.191610336303710938e-01
-1.180040314793586731e-01
9.955582767724990845e-02
9.426893293857574463e-02
1.219201609492301941e-01
4.987891763448715210e-02
-2.726261913776397705e-01
-8.044892549514770508e-02
1.326657366007566452e-02
-4.243854433298110962e-02
1.575670540332794189e-01
1.886869370937347412e-01
1.350191831588745117e-01
8.756849914789199829e-03
3.304596990346908569e-02
4.038152098655700684e-01
-5.905837938189506531e-02
3.647838830947875977e-01
-3.115844130516052246e-01
2.559993043541908264e-02
-6.304135918617248535e-02
7.035222649574279785e-02
3.359343111515045166e-02
-3.709220588207244873e-01
4.516514018177986145e-02
-8.847620338201522827e-02
2.131679207086563110e-01
-2.089566290378570557e-01
1.951717585325241089e-01
-7.534550875425338745e-02
-1.787692904472351074e-01
-1.739613115787506104e-01
1.218321844935417175e-01
2.415413111448287964e-01
-9.594897925853729248e-02
4.336695373058319092e-02
2.119130343198776245e-01
-3.718755245208740234e-01
-1.356268078088760376e-01
-2.189022302627563477e-01
-9.752180427312850952e-02
6.401236355304718018e-02
-1.530976295471191406e-01
8.977601677179336548e-02
-6.640741229057312012e-02
3.317390978336334229e-01
-1.949160993099212646e-01
-1.473956257104873657e-01
-5.401543378829956055e-01
2.055484103038907051e-03
-1.951062977313995361e-01
2.347916960716247559e-01
-2.731664478778839111e-02
1.746360063552856445e-01
1.853332966566085815e-01
3.778965473175048828e-01
-1.538004577159881592e-01
-1.529930718243122101e-02
2.663827501237392426e-02
7.518134266138076782e-02
5.573800206184387207e-01
-9.780909866094589233e-02
-1.680538803339004517e-01
-5.580837130546569824e-01
-1.323624551296234131e-01
-4.262574017047882080e-01
3.012655861675739288e-02
-2.698562145233154297e-01
2.018852531909942627e-01
1.434920579195022583e-01
-4.053914174437522888e-02
-3.369214534759521484e-01
-1.053409501910209656e-01
-5.311636328697204590e-01
1.789229065179824829e-01
3.190916180610656738e-01
-3.532868921756744385e-01
-3.324960172176361084e-02
-5.007506608963012695e-01
2.767319679260253906e-01
1.770650781691074371e-02
-2.250950485467910767e-01
1.967891007661819458e-01
-1.753362715244293213e-01
1.881415694952011108e-01
-1.969135552644729614e-01
2.389030009508132935e-01
2.204168289899826050e-01
2.314858138561248779e-01
-2.885742485523223877e-02
1.616621166467666626e-01
-2.353661805391311646e-01
-4.276661947369575500e-02
-1.185487285256385803e-01
-1.869561374187469482e-01
2.284690439701080322e-01
-6.369661688804626465e-01
-1.477783024311065674e-01
2.137937545776367188e-01
-7.294763624668121338e-02
7.004430890083312988e-02
-7.151620090007781982e-02
-4.061039909720420837e-02
-3.351922929286956787e-01
-1.608018577098846436e-02
4.684532582759857178e-01
1.178310588002204895e-01
1.795487850904464722e-01
-4.787427783012390137e-01
4.342722520232200623e-02
-3.121019601821899414e-01
1.617556661367416382e-01
-2.779907733201980591e-02
1.384269595146179199e-01
-1.931093335151672363e-01
1.131026968359947205e-01
1.560026407241821289e-01
2.752669751644134521e-01
1.869300901889801025e-01
-1.484980136156082153e-01
1.355240046977996826e-01
1.560619771480560303e-01
2.344056069850921631e-01
-6.955450773239135742e-02
-8.606832474470138550e-02
2.592618763446807861e-01
-2.652224712073802948e-02
2.703798115253448486e-01
3.138226270675659180e-01
5.598425865173339844e-01
4.050387144088745117e-01
3.297969400882720947e-01
-4.651769250631332397e-02
8.165975660085678101e-02
-2.284211367368698120e-01
2.012373805046081543e-01
-2.490570396184921265e-01
-2.862117718905210495e-03
-1.081758644431829453e-02
-8.798135071992874146e-02
-6.838694214820861816e-02
1.010204479098320007e-01
1.072922497987747192e-01
-4.659042879939079285e-02
-3.986758366227149963e-02
-3.331288695335388184e-01
3.051962256431579590e-01
-5.628434568643569946e-02
2.332634478807449341e-01
-2.879542708396911621e-01
1.667176187038421631e-01
5.391681939363479614e-02
-2.673868089914321899e-02
-2.768251486122608185e-02
-2.576294839382171631e-01
2.166100591421127319e-01
2.188500575721263885e-02
-2.114720791578292847e-01
3.215941190719604492e-01
1.323094777762889862e-02
4.395916685461997986e-02
-3.665503263473510742e-01
-1.880384609103202820e-02
4.353467822074890137e-01
-4.680014681071043015e-03
7.938987761735916138e-02
8.236566931009292603e-02
-5.204253196716308594e-01
1.195457857102155685e-02
1.980115473270416260e-01
4.747827649116516113e-01
1.248730570077896118e-01
9.463674575090408325e-02
7.204760611057281494e-02
-2.049393355846405029e-01
1.570727080106735229e-01
2.541187107563018799e-01
-1.136652976274490356e-01
2.631913125514984131e-01
-3.778988122940063477e-01
5.572082474827766418e-02
2.576551772654056549e-02
7.315076887607574463e-02
1.466927304863929749e-02
1.930152922868728638e-01
5.361904576420783997e-02
8.115840144455432892e-03
-1.425689756870269775e-01
2.083994448184967041e-01
2.725274767726659775e-03
1.920530945062637329e-01
-5.471714213490486145e-02
3.886526226997375488e-01
-2.932142838835716248e-02
1.181147247552871704e-01
-3.548649549484252930e-01
-2.548446953296661377e-01
1.991244554519653320e-01
-4.707426205277442932e-02
-3.093773424625396729e-01
2.246312797069549561e-01
-4.967979341745376587e-02
2.828821837902069092e-01
9.224445675499737263e-04
-6.544462591409683228e-02
2.439740002155303955e-01
-1.211482211947441101e-01
-7.528354227542877197e-02
1.100717261433601379e-01
-7.564947754144668579e-02
-2.977179884910583496e-01
-2.340883761644363403e-01
-2.738345861434936523e-01
9.536696225404739380e-02
-3.921568691730499268e-01
-2.591170966625213623e-01
-1.829251348972320557e-01
-1.907515898346900940e-02
1.294167637825012207e-01
8.782428503036499023e-02
-4.261382222175598145e-01
-7.725538313388824463e-02
1.652114540338516235e-01
-4.368406534194946289e-01
-3.201000392436981201e-01
-1.106553375720977783e-01
-3.085999488830566406e-01
-2.036638110876083374e-01
5.363462865352630615e-02
3.511824309825897217e-01
2.044791877269744873e-01
-2.419665455818176270e-01
2.618695795536041260e-01
-7.024950534105300903e-02
-2.723582386970520020e-01
8.522754907608032227e-02
1.497052013874053955e-01
-1.127730235457420349e-01
7.038581650704145432e-03
-1.066833883523941040e-01
2.613660097122192383e-01
1.221421640366315842e-02
4.055110365152359009e-02
-1.325984299182891846e-01
2.898655831813812256e-03
-4.445221424102783203e-01
-8.900102227926254272e-02
2.696793973445892334e-01
1.427787244319915771e-01
-8.831669390201568604e-02
4.412265960127115250e-03
1.304638236761093140e-01
-1.000183969736099243e-01
1.266971975564956665e-01
-9.737277403473854065e-03
2.216719686985015869e-01
-2.765156626701354980e-01
1.473526954650878906e-01
-6.752181798219680786e-02
-2.873658835887908936e-01
-6.761405616998672485e-02
-2.574890255928039551e-01
1.435233093798160553e-02
-1.641467660665512085e-01
-4.516838192939758301e-01
-1.720104813575744629e-01
-1.385435611009597778e-01
9.463413059711456299e-02
-3.696315288543701172e-01
-3.542252779006958008e-01
4.940423667430877686e-01
6.213548779487609863e-01
1.756559759378433228e-01
3.209471404552459717e-01
6.430726498365402222e-02
-1.737870424985885620e-01
-1.384392529726028442e-01
2.840212881565093994e-01
4.328134059906005859e-01
-1.738764792680740356e-01
-5.466335266828536987e-02
-2.800950966775417328e-02
6.620634347200393677e-02
-2.795369923114776611e-01
1.883119046688079834e-01
-8.568108826875686646e-02
3.261303007602691650e-01
5.762502551078796387e-01
4.015130922198295593e-02
-1.589035242795944214e-01
1.696283072233200073e-01
-1.971679031848907471e-01
-8.088641613721847534e-02
1.531594693660736084e-01
-1.219749972224235535e-01
-1.898477524518966675e-01
7.491423189640045166e-02
1.562919169664382935e-01
-1.467547416687011719e-01
6.598184257745742798e-02
-2.008696645498275757e-01
2.264496982097625732e-01
2.071537822484970093e-01
1.200016066431999207e-01
-2.308343946933746338e-01
-1.456245686858892441e-02
1.955677270889282227e-01
-5.853819251060485840e-01
2.757408022880554199e-01
-1.025981009006500244e-01
-2.641577720642089844e-01
3.609346598386764526e-02
1.809724420309066772e-01
-1.619444191455841064e-01
-3.017598092555999756e-01
1.367977410554885864e-01
1.594091765582561493e-02
-3.071424663066864014e-01
4.695725739002227783e-01
-3.273269832134246826e-01
1.310349907726049423e-02
1.737048923969268799e-01
-3.879356384277343750e-01
-1.025433391332626343e-01
-3.089128434658050537e-01
-6.456784904003143311e-02
1.375706642866134644e-01
-2.797949016094207764e-01
-2.389758229255676270e-01
3.465783968567848206e-02
1.634533256292343140e-01
6.573180202394723892e-03
-3.245553374290466309e-01
2.975963056087493896e-01
1.217094957828521729e-01
-3.979018889367580414e-03
-1.878273338079452515e-01
-1.503558754920959473e-01
-1.186628267168998718e-01
1.456236839294433594e-01
1.631820201873779297e-01
-7.524566352367401123e-02
4.016325809061527252e-03
1.301969587802886963e-01
2.483224868774414062e-01
-1.788207888603210449e-01
1.578046083450317383e-01
3.094963431358337402e-01
-1.530591696500778198e-01
3.261082768440246582e-01
2.734566032886505127e-01
-1.578309983015060425e-01
-2.506545484066009521e-01
1.107833310961723328e-01
-1.917612701654434204e-01
1.247784718871116638e-01
2.019931077957153320e-01
-1.971177607774734497e-01
2.471621483564376831e-01
-6.111134886741638184e-01
2.955808937549591064e-01
1.840653717517852783e-01
5.050641670823097229e-02
-5.613883957266807556e-02
4.514687657356262207e-01
-1.930131465196609497e-01
1.930960863828659058e-01
-5.032337456941604614e-02
-2.443969100713729858e-01
-1.650934219360351562e-01
-8.026751130819320679e-02
-4.575867056846618652e-01
-2.246545553207397461e-01
1.696547716856002808e-01
1.355352103710174561e-01
-9.900654852390289307e-02
-1.490930020809173584e-01
2.440573573112487793e-01
-9.508688002824783325e-02
2.387148141860961914e-02
2.146167159080505371e-01
-2.629809975624084473e-01
-3.304166793823242188e-01
-3.169634342193603516e-01
-1.208496000617742538e-02
5.891079828143119812e-02
1.875787228345870972e-01
1.893909573554992676e-01
1.772428601980209351e-01
3.766160905361175537e-01
5.614133924245834351e-02
-7.514046877622604370e-02
-2.279821783304214478e-01
-2.368758320808410645e-01
