-2.468911260366439819e-01
-1.601249128580093384e-01
-1.598317772150039673e-01
-3.896209597587585449e-01
-1.170011982321739197e-01
8.098518103361129761e-02
-3.753594756126403809e-01
-5.061276555061340332e-01
1.642261296510696411e-01
-1.291807740926742554e-01
7.447513937950134277e-02
-4.046387672424316406e-01
-1.593569815158843994e-01
-1.814444363117218018e-01
2.821144759654998779e-01
-1.309810280799865723e-01
-2.376619726419448853e-03
1.529330853372812271e-02
1.775605231523513794e-01
-7.697097957134246826e-03
1.777942851185798645e-02
5.689974059350788593e-04
-1.407860517501831055e-01
-4.633947461843490601e-02
-9.126447886228561401e-02
2.745959162712097168e-01
1.264736205339431763e-01
5.331098660826683044e-02
4.222097247838973999e-02
-3.184307133778929710e-03
5.922335386276245117e-01
-1.811916381120681763e-01
1.389638334512710571e-01
3.102853000164031982e-01
2.963789403438568115e-01
-3.134970664978027344e-01
3.172541856765747070e-01
4.458962976932525635e-01
5.885323043912649155e-03
-1.800743937492370605e-01
1.363368332386016846e-01
4.000418484210968018e-01
-1.390720903873443604e-01
4.187368750572204590e-01
2.748385965824127197e-01
-1.090111508965492249e-01
1.085568126291036606e-02
3.824412822723388672e-01
-3.308451175689697266e-01
-4.052837491035461426e-01
-1.996283233165740967e-01
-1.742355823516845703e-01
3.069006204605102539e-01
-2.026625722646713257e-01
-3.122115693986415863e-02
2.639689110219478607e-02
3.871963918209075928e-01
-2.433796077966690063e-01
-1.528494525700807571e-02
5.835553631186485291e-02
-1.716291755437850952e-01
-8.636915683746337891e-02
-8.786355145275592804e-03
-4.855739772319793701e-01
