1.012285470962524414e+00
9.643120169639587402e-01
9.981023669242858887e-01
9.922853112220764160e-01
1.088126301765441895e+00
9.974270462989807129e-01
9.868384599685668945e-01
9.963694214820861816e-01
9.800193309783935547e-01
9.665994644165039062e-01
1.005418062210083008e+00
1.016752958297729492e+00
9.487384557723999023e-01
9.828935861587524414e-01
9.648677110671997070e-01
1.001105189323425293e+00
1.022186756134033203e+00
9.958596825599670410e-01
1.025921702384948730e+00
9.641719460487365723e-01
1.034360647201538086e+00
9.292705655097961426e-01
1.054730892181396484e+00
9.992932081222534180e-01
1.002586483955383301e+00
9.900279641151428223e-01
9.839563965797424316e-01
1.004840731620788574e+00
9.788259863853454590e-01
1.008273005485534668e+00
9.915383458137512207e-01
1.004732847213745117e+00
9.662935733795166016e-01
9.955358505249023438e-01
9.974952340126037598e-01
1.012380242347717285e+00
1.023849248886108398e+00
9.954524636268615723e-01
1.027036070823669434e+00
1.026276946067810059e+00
1.018348813056945801e+00
1.042479276657104492e+00
1.045597076416015625e+00
1.025257229804992676e+00
1.044296383857727051e+00
1.000787615776062012e+00
9.795976877212524414e-01
9.928877949714660645e-01
9.797141551971435547e-01
9.872218966484069824e-01
9.928221106529235840e-01
1.025397658348083496e+00
9.860984683036804199e-01
1.016377806663513184e+00
1.010824203491210938e+00
1.005484223365783691e+00
1.060217380523681641e+00
1.015313029289245605e+00
9.799473881721496582e-01
1.029801487922668457e+00
9.674077033996582031e-01
9.954030513763427734e-01
9.861428737640380859e-01
1.029686212539672852e+00
1.025547623634338379e+00
1.025633454322814941e+00
1.004692792892456055e+00
9.825603365898132324e-01
1.006551861763000488e+00
9.754222035408020020e-01
1.009220957756042480e+00
1.024260163307189941e+00
9.925038218498229980e-01
1.000853180885314941e+00
1.041096687316894531e+00
1.004473328590393066e+00
9.799564480781555176e-01
1.052339434623718262e+00
9.670432806015014648e-01
1.023943066596984863e+00
9.744872450828552246e-01
1.004905223846435547e+00
1.019420981407165527e+00
9.693698287010192871e-01
1.008322000503540039e+00
1.022986412048339844e+00
9.903399348258972168e-01
1.022177219390869141e+00
9.593877196311950684e-01
1.024531841278076172e+00
9.885963797569274902e-01
1.021127820014953613e+00
9.905817508697509766e-01
9.752017855644226074e-01
9.776802659034729004e-01
9.939639568328857422e-01
1.012802839279174805e+00
1.023540616035461426e+00
9.999586343765258789e-01
1.002723932266235352e+00
9.962789416313171387e-01
1.013120293617248535e+00
9.862050414085388184e-01
9.758937358856201172e-01
9.807798266410827637e-01
9.461744427680969238e-01
9.782531261444091797e-01
9.584030508995056152e-01
9.600662589073181152e-01
9.924704432487487793e-01
1.037244915962219238e+00
9.842979907989501953e-01
9.990751147270202637e-01
9.892711043357849121e-01
1.012767791748046875e+00
9.974061250686645508e-01
9.063422679901123047e-01
1.001902818679809570e+00
9.898154139518737793e-01
9.819033145904541016e-01
9.657922983169555664e-01
9.715883731842041016e-01
9.727542996406555176e-01
9.863584637641906738e-01
1.043271422386169434e+00
1.008788704872131348e+00
1.010884642601013184e+00
1.053749680519104004e+00
