1.002491235733032227e+00
9.998589158058166504e-01
1.002696275711059570e+00
1.004804134368896484e+00
1.003143906593322754e+00
9.998259544372558594e-01
1.005620002746582031e+00
9.948740601539611816e-01
9.949212670326232910e-01
1.001129746437072754e+00
9.942637085914611816e-01
1.009172797203063965e+00
9.993190765380859375e-01
1.002244591712951660e+00
9.954871535301208496e-01
9.977941513061523438e-01
9.979369044303894043e-01
9.953594803810119629e-01
9.983897805213928223e-01
1.001759409904479980e+00
1.002653241157531738e+00
9.932889938354492188e-01
1.000583529472351074e+00
9.956061840057373047e-01
1.002310156822204590e+00
1.000415802001953125e+00
1.002262234687805176e+00
1.000329375267028809e+00
1.000231385231018066e+00
1.002623677253723145e+00
9.963345527648925781e-01
1.004979252815246582e+00
9.960678219795227051e-01
1.005536556243896484e+00
9.963229298591613770e-01
1.002939224243164062e+00
1.006521344184875488e+00
1.008535146713256836e+00
9.988663196563720703e-01
1.001856327056884766e+00
1.000506877899169922e+00
9.972575902938842773e-01
9.991363883018493652e-01
9.975567460060119629e-01
9.973417520523071289e-01
9.927400350570678711e-01
9.948097467422485352e-01
9.976248145103454590e-01
1.007496356964111328e+00
1.010044693946838379e+00
1.004651427268981934e+00
1.010979175567626953e+00
1.001824021339416504e+00
1.001955747604370117e+00
9.954110383987426758e-01
9.939409494400024414e-01
9.980743527412414551e-01
9.926933646202087402e-01
1.003934383392333984e+00
1.007941961288452148e+00
1.002427339553833008e+00
1.001417160034179688e+00
1.000947594642639160e+00
9.988497495651245117e-01
9.974319934844970703e-01
1.002262353897094727e+00
1.002654314041137695e+00
9.968908429145812988e-01
1.002411246299743652e+00
9.976454377174377441e-01
1.007497787475585938e+00
1.002152919769287109e+00
9.996643662452697754e-01
1.001927256584167480e+00
1.005513310432434082e+00
1.002220153808593750e+00
9.935176968574523926e-01
1.000880599021911621e+00
9.982438683509826660e-01
9.977889657020568848e-01
9.965247511863708496e-01
9.967816472053527832e-01
9.936283826828002930e-01
9.954542517662048340e-01
1.001405477523803711e+00
1.008745670318603516e+00
1.003537535667419434e+00
1.003074884414672852e+00
1.001626849174499512e+00
1.003669619560241699e+00
1.005930900573730469e+00
9.953002929687500000e-01
9.895878434181213379e-01
9.868696928024291992e-01
1.005273461341857910e+00
1.004386067390441895e+00
9.945816993713378906e-01
9.931855201721191406e-01
9.970708489418029785e-01
9.898985624313354492e-01
1.002063035964965820e+00
9.906455278396606445e-01
1.003012895584106445e+00
1.002422690391540527e+00
9.914072155952453613e-01
9.990395903587341309e-01
1.000991225242614746e+00
9.980935454368591309e-01
1.000333189964294434e+00
1.002090811729431152e+00
9.997393488883972168e-01
1.003941774368286133e+00
9.990121126174926758e-01
1.003702759742736816e+00
1.005898952484130859e+00
9.972786903381347656e-01
9.953347444534301758e-01
9.994868636131286621e-01
1.001078248023986816e+00
1.002225756645202637e+00
1.001519203186035156e+00
1.001016497611999512e+00
1.000629067420959473e+00
9.995933175086975098e-01
1.000632286071777344e+00
1.000044107437133789e+00
9.975418448448181152e-01
9.968612194061279297e-01
