8.204912394285202026e-02
2.721666395664215088e-01
8.432487398386001587e-02
1.877088546752929688e-01
3.723160624504089355e-01
1.529554724693298340e-01
3.758796453475952148e-01
2.312428504228591919e-01
4.240171238780021667e-02
1.258100122213363647e-01
7.297773659229278564e-02
1.841881871223449707e-01
1.514715701341629028e-01
7.897932827472686768e-02
2.898484282195568085e-02
2.783598564565181732e-02
1.495536714792251587e-01
1.039927825331687927e-01
2.873796522617340088e-01
1.603784859180450439e-01
4.647966846823692322e-02
2.050408571958541870e-01
2.265663072466850281e-02
5.827718600630760193e-02
2.980197370052337646e-01
1.075066328048706055e-01
2.937729656696319580e-01
2.411033511161804199e-01
1.598469913005828857e-01
1.046187654137611389e-01
1.127981469035148621e-01
2.438706904649734497e-01
7.727500796318054199e-02
2.895386889576911926e-02
3.407878279685974121e-01
5.777604877948760986e-02
9.608200192451477051e-02
3.945425897836685181e-02
1.921593844890594482e-01
1.738838851451873779e-01
1.979837864637374878e-01
2.832443714141845703e-01
1.035188734531402588e-01
6.676592677831649780e-02
7.369234412908554077e-02
1.157470718026161194e-01
2.394322007894515991e-01
4.097912013530731201e-01
2.086493223905563354e-01
2.454594522714614868e-01
1.028874665498733521e-01
2.075334787368774414e-01
2.862075567245483398e-01
8.493609726428985596e-02
1.158469244837760925e-01
2.730783522129058838e-01
3.738563656806945801e-01
8.801775425672531128e-02
1.297764629125595093e-01
1.691984534263610840e-01
1.277625709772109985e-01
7.778469473123550415e-02
1.676917374134063721e-01
2.503428794443607330e-02
9.402857720851898193e-02
3.363110870122909546e-02
2.318920344114303589e-01
1.650007963180541992e-01
1.013422235846519470e-01
1.528150737285614014e-01
2.591794729232788086e-01
2.321020066738128662e-01
5.699724331498146057e-02
6.362768262624740601e-02
3.915338218212127686e-01
7.865954190492630005e-02
1.608053743839263916e-01
4.377514719963073730e-01
9.551484882831573486e-02
7.753622531890869141e-02
1.841129213571548462e-01
1.235390901565551758e-01
5.527329444885253906e-02
1.684699654579162598e-01
2.355012670159339905e-02
2.250229269266128540e-01
2.189814746379852295e-01
8.779317885637283325e-02
1.331366449594497681e-01
2.886648178100585938e-01
2.422191202640533447e-01
2.308053225278854370e-01
1.148457378149032593e-01
2.910805866122245789e-02
2.335136830806732178e-01
5.212442949414253235e-02
1.080945357680320740e-01
1.992780417203903198e-01
2.385526709258556366e-02
1.762411296367645264e-01
3.652850389480590820e-01
5.739008635282516479e-02
1.795029640197753906e-01
3.927721977233886719e-01
1.958941221237182617e-01
4.100388661026954651e-02
2.474998384714126587e-01
1.506636887788772583e-01
1.395674981176853180e-02
2.668699324131011963e-01
7.723174244165420532e-02
8.362564444541931152e-02
2.801227271556854248e-01
9.386932104825973511e-02
3.450269997119903564e-02
1.241235435009002686e-01
2.575883865356445312e-01
3.616368174552917480e-01
1.533065289258956909e-01
1.807576119899749756e-01
5.267025530338287354e-02
3.151863440871238708e-02
2.239213436841964722e-01
3.264823555946350098e-02
6.385952234268188477e-02
3.702127635478973389e-01
1.292019188404083252e-01
1.679466962814331055e-01
1.406573653221130371e-01
4.787185043096542358e-02
9.038744121789932251e-02
1.261597126722335815e-01
9.420637786388397217e-02
1.292804181575775146e-01
8.386186510324478149e-02
4.647937044501304626e-02
3.484008088707923889e-02
1.411985009908676147e-01
1.415105313062667847e-01
2.731835842132568359e-01
1.287916153669357300e-01
1.007540896534919739e-01
1.953036487102508545e-01
4.310541749000549316e-01
1.675128340721130371e-01
9.901058673858642578e-02
8.774680644273757935e-02
2.931814491748809814e-01
9.753437340259552002e-02
3.649567663669586182e-01
3.330217003822326660e-01
8.511628955602645874e-02
1.183604896068572998e-01
3.129196763038635254e-01
4.931998997926712036e-02
1.317772120237350464e-01
6.065738573670387268e-02
1.064686998724937439e-01
1.889854371547698975e-01
2.604627311229705811e-01
3.746581077575683594e-01
4.570382088422775269e-02
1.899529397487640381e-01
8.390016853809356689e-02
3.319808542728424072e-01
1.031204611063003540e-01
1.241554245352745056e-01
6.369423866271972656e-02
1.321131438016891479e-01
5.982119590044021606e-02
4.561958089470863342e-02
3.468929976224899292e-02
1.368375420570373535e-01
2.818690836429595947e-01
5.368624627590179443e-02
2.575883269309997559e-01
1.425729244947433472e-01
4.473792612552642822e-01
1.397799849510192871e-01
1.326670050621032715e-01
1.309541761875152588e-01
3.181257843971252441e-02
2.676792740821838379e-01
1.987245231866836548e-01
1.133344918489456177e-01
8.343873918056488037e-02
2.403875589370727539e-01
2.438339591026306152e-01
1.426913887262344360e-01
1.849574297666549683e-01
8.381950110197067261e-02
1.061752885580062866e-01
1.345719993114471436e-01
3.605860099196434021e-02
1.739918887615203857e-01
9.009710699319839478e-02
8.535934239625930786e-02
2.456460893154144287e-01
1.609430462121963501e-01
7.589250057935714722e-02
2.131481654942035675e-02
1.175934150815010071e-01
1.996861249208450317e-01
1.393807530403137207e-01
9.899062663316726685e-02
3.503953814506530762e-01
2.477702498435974121e-01
2.390496432781219482e-01
1.425417214632034302e-01
9.691050648689270020e-02
3.756494820117950439e-01
4.138334840536117554e-02
2.030735164880752563e-01
2.400325238704681396e-01
2.832701206207275391e-01
3.460741043090820312e-02
5.499835312366485596e-02
1.242136955261230469e-01
1.105864942073822021e-01
8.544936031103134155e-02
3.777587413787841797e-02
2.769915163516998291e-01
4.766701161861419678e-02
1.249001696705818176e-01
5.821849033236503601e-02
1.320481300354003906e-02
2.941170334815979004e-01
1.247954517602920532e-01
1.650221496820449829e-01
2.429071217775344849e-01
2.532603442668914795e-01
7.154870778322219849e-02
1.562037616968154907e-01
2.836762070655822754e-01
3.152636587619781494e-01
4.052597656846046448e-02
3.502553701400756836e-02
2.422845661640167236e-01
1.765736788511276245e-01
3.200300633907318115e-01
2.128499001264572144e-01
6.347501277923583984e-02
2.325300127267837524e-01
6.441880762577056885e-02
7.650441676378250122e-02
1.829506605863571167e-01
1.714500039815902710e-01
9.530504792928695679e-02
1.851810812950134277e-01
2.742839157581329346e-01
3.590067476034164429e-02
1.461237519979476929e-01
6.725957989692687988e-02
4.077598154544830322e-01
2.735392749309539795e-01
1.226882934570312500e-01
9.004984050989151001e-02
4.312020912766456604e-02
8.240678906440734863e-02
1.442720890045166016e-01
6.113464012742042542e-02
1.243758723139762878e-01
2.888625860214233398e-01
8.122606575489044189e-02
9.165864437818527222e-02
7.133243978023529053e-02
1.481491476297378540e-01
1.923397183418273926e-01
1.133791580796241760e-01
9.983431547880172729e-02
1.593735069036483765e-01
1.048972830176353455e-01
2.476131469011306763e-01
3.936335742473602295e-01
3.058925271034240723e-01
2.779806256294250488e-01
2.470492273569107056e-01
3.311505615711212158e-01
1.713732182979583740e-01
1.026947945356369019e-01
1.960497945547103882e-01
3.663781285285949707e-01
2.579430639743804932e-01
2.643249332904815674e-01
1.221341192722320557e-01
2.259349375963211060e-01
3.922712057828903198e-02
2.400534749031066895e-01
2.888556718826293945e-01
3.018999397754669189e-01
1.587962955236434937e-01
5.554251372814178467e-02
2.294279932975769043e-01
1.243099868297576904e-01
3.173736035823822021e-01
1.731360554695129395e-01
3.987369313836097717e-02
2.044483274221420288e-01
5.615253448486328125e-01
7.549399882555007935e-02
2.561495304107666016e-01
1.563639938831329346e-01
7.449947297573089600e-02
1.302125304937362671e-01
1.466605067253112793e-01
7.355007529258728027e-02
1.533404439687728882e-01
1.172867119312286377e-01
5.142254009842872620e-02
4.614766836166381836e-01
2.756400704383850098e-01
1.155977919697761536e-01
1.090621277689933777e-01
5.875680595636367798e-02
9.289720654487609863e-02
1.427033692598342896e-01
1.912666112184524536e-01
8.564246445894241333e-02
1.208502128720283508e-01
3.599397242069244385e-01
8.145025372505187988e-02
2.951732873916625977e-01
2.678314447402954102e-01
2.433614283800125122e-01
2.148982286453247070e-01
1.437510848045349121e-01
1.245131492614746094e-01
3.982019796967506409e-02
7.221105694770812988e-02
1.098466664552688599e-01
9.670423716306686401e-02
1.546556204557418823e-01
5.306303128600120544e-02
2.768321037292480469e-01
1.959531605243682861e-01
1.762720942497253418e-01
6.546387821435928345e-02
2.376759983599185944e-02
3.563301861286163330e-01
3.928350657224655151e-02
1.160612702369689941e-01
1.268653422594070435e-01
5.945475399494171143e-02
2.490769773721694946e-01
2.923910021781921387e-01
4.395398497581481934e-01
2.419921457767486572e-01
2.165141403675079346e-01
9.606521576642990112e-02
1.760033667087554932e-01
2.713844180107116699e-01
3.538186475634574890e-02
6.432692706584930420e-02
3.194164037704467773e-01
1.903372406959533691e-01
1.611871719360351562e-01
2.220643907785415649e-01
4.605913162231445312e-02
4.451985657215118408e-02
3.169504553079605103e-02
9.796737134456634521e-02
2.061161994934082031e-01
9.220365434885025024e-02
2.964441180229187012e-01
4.483347758650779724e-02
1.467956751585006714e-01
1.370790004730224609e-01
7.704222947359085083e-02
2.471398860216140747e-01
5.599956959486007690e-02
5.974304676055908203e-02
1.826150715351104736e-01
3.006287291646003723e-02
3.077751100063323975e-01
1.099490076303482056e-01
1.712280213832855225e-01
1.027661263942718506e-01
4.258638992905616760e-02
1.081039607524871826e-01
1.606993526220321655e-01
1.965717226266860962e-02
2.322403192520141602e-01
8.062328398227691650e-02
2.614823579788208008e-01
1.208129227161407471e-01
1.969510763883590698e-01
1.803716868162155151e-01
1.125468462705612183e-01
3.386637568473815918e-02
4.603830724954605103e-02
1.616253852844238281e-01
1.129584610462188721e-01
1.876976191997528076e-01
3.755369782447814941e-02
1.538393497467041016e-01
1.452461779117584229e-01
1.616008877754211426e-01
7.245843112468719482e-02
1.256325542926788330e-01
2.328203916549682617e-01
2.869952023029327393e-01
3.102682530879974365e-01
3.930571973323822021e-01
5.387464910745620728e-02
3.177281841635704041e-02
2.204535007476806641e-01
4.892303049564361572e-02
5.656981468200683594e-02
1.603215485811233521e-01
3.596582636237144470e-02
3.194430172443389893e-01
1.715694367885589600e-01
5.237975716590881348e-02
9.799666702747344971e-02
1.634564548730850220e-01
1.699290871620178223e-01
4.383683204650878906e-02
5.673186853528022766e-02
1.714891791343688965e-01
1.144122481346130371e-01
9.632032364606857300e-02
1.362942010164260864e-01
2.181788384914398193e-01
1.616061776876449585e-01
1.569477468729019165e-01
3.300186991691589355e-01
2.134855687618255615e-01
1.137998402118682861e-01
5.590699613094329834e-02
2.524780333042144775e-01
3.121265955269336700e-02
4.725889116525650024e-02
7.765956968069076538e-02
5.830363556742668152e-02
2.087719440460205078e-01
2.564371228218078613e-01
3.224606513977050781e-01
7.262077927589416504e-02
1.822144389152526855e-01
2.730605565011501312e-02
7.174783945083618164e-02
1.464252322912216187e-01
3.594930171966552734e-01
2.961778640747070312e-01
2.255259454250335693e-01
2.188646793365478516e-01
7.273666560649871826e-02
7.219441235065460205e-02
3.796576559543609619e-01
8.328603208065032959e-02
1.338008642196655273e-01
3.240957260131835938e-01
3.164461851119995117e-01
2.657770738005638123e-02
1.338707655668258667e-01
6.518671661615371704e-02
2.322329133749008179e-01
3.731127977371215820e-01
1.032056808471679688e-01
3.616214543581008911e-02
2.249613255262374878e-01
1.301322281360626221e-01
1.191399022936820984e-01
1.609276831150054932e-01
1.792300343513488770e-01
9.056618809700012207e-02
2.749457061290740967e-01
2.294384688138961792e-01
2.257745526731014252e-02
7.712271064519882202e-02
1.399850100278854370e-01
2.429693192243576050e-01
2.183445096015930176e-01
2.769726812839508057e-01
2.138356566429138184e-01
2.835430204868316650e-01
3.855354338884353638e-02
2.763452567160129547e-02
3.713888823986053467e-01
8.911910653114318848e-02
1.487966626882553101e-01
1.568086743354797363e-01
4.824735969305038452e-02
2.852065861225128174e-01
1.359403878450393677e-01
4.835183173418045044e-02
8.941608667373657227e-02
1.552689969539642334e-01
3.037268295884132385e-02
3.237010911107063293e-02
3.615989908576011658e-02
3.546335548162460327e-02
2.113454192876815796e-01
5.379017814993858337e-02
1.744222939014434814e-01
1.356638073921203613e-01
2.128138244152069092e-01
4.228363633155822754e-01
1.750282794237136841e-01
2.633385732769966125e-02
4.289635643362998962e-02
1.290147155523300171e-01
3.049344420433044434e-01
1.836104542016983032e-01
6.952997297048568726e-02
1.302192658185958862e-01
1.678442507982254028e-01
3.854295611381530762e-01
9.102443605661392212e-02
3.627391755580902100e-01
5.839342996478080750e-02
6.980718672275543213e-02
1.701714843511581421e-01
2.249840497970581055e-01
2.080020159482955933e-01
1.033830717206001282e-01
1.428386270999908447e-01
1.419561915099620819e-02
2.296716272830963135e-01
3.602240085601806641e-01
2.669559419155120850e-01
1.421221792697906494e-01
4.566853120923042297e-02
4.890055581927299500e-02
5.503690242767333984e-02
1.997383385896682739e-01
5.870020389556884766e-02
2.483959682285785675e-02
1.661372482776641846e-01
1.266905516386032104e-01
7.508260011672973633e-02
4.174908995628356934e-01
3.234954178333282471e-01
2.181104272603988647e-01
1.409520804882049561e-01
5.767405405640602112e-02
2.937165796756744385e-01
5.437583848834037781e-02
8.109981566667556763e-02
2.093745023012161255e-02
2.667678594589233398e-01
5.075013265013694763e-02
8.806886523962020874e-02
1.614447534084320068e-01
5.601192265748977661e-02
2.231226861476898193e-01
1.371285319328308105e-01
1.065861880779266357e-01
3.392117619514465332e-01
9.084800630807876587e-02
2.840156257152557373e-01
1.146336197853088379e-01
8.141108602285385132e-02
6.444811075925827026e-02
5.290484055876731873e-02
7.200395315885543823e-02
1.035565435886383057e-01
2.739836461842060089e-02
1.042293682694435120e-01
5.693173408508300781e-02
2.405919879674911499e-02
2.813847959041595459e-01
5.088504031300544739e-02
3.715335950255393982e-02
1.368508040904998779e-01
1.860984563827514648e-01
2.223762422800064087e-01
2.013907134532928467e-01
3.938657417893409729e-02
1.048601493239402771e-01
1.056809872388839722e-01
1.169960647821426392e-01
2.248125225305557251e-01
2.171014547348022461e-01
4.285470023751258850e-02
1.060481816530227661e-01
1.445999741554260254e-01
2.202404588460922241e-01
1.244979202747344971e-01
6.625018268823623657e-02
8.451565355062484741e-02
2.992099523544311523e-01
4.621902108192443848e-02
2.198378592729568481e-01
9.301897883415222168e-02
9.224440902471542358e-02
2.319776415824890137e-01
1.974829733371734619e-01
4.433596506714820862e-02
2.575424015522003174e-01
1.413901299238204956e-01
2.069332152605056763e-01
2.719286382198333740e-01
1.266589909791946411e-01
1.454824805259704590e-01
2.460018545389175415e-01
1.765868663787841797e-01
1.862199008464813232e-01
1.146136373281478882e-01
2.429701238870620728e-01
4.810961484909057617e-01
4.142885282635688782e-02
2.533256709575653076e-01
6.569860130548477173e-02
2.077990472316741943e-01
5.182562023401260376e-02
1.639026552438735962e-01
5.462201312184333801e-02
9.562723338603973389e-02
1.399800181388854980e-01
2.884528338909149170e-01
1.793659478425979614e-01
1.514084637165069580e-01
1.326782256364822388e-01
2.140891738235950470e-02
2.874461710453033447e-01
1.780700236558914185e-01
1.063653379678726196e-01
2.026717215776443481e-01
1.681818813085556030e-01
2.515560388565063477e-01
1.953240931034088135e-01
1.452295929193496704e-01
7.765232771635055542e-02
3.207434117794036865e-01
1.158647239208221436e-01
5.443064495921134949e-02
6.193966791033744812e-02
1.038091629743576050e-01
1.150002107024192810e-01
3.870222717523574829e-02
2.482007741928100586e-01
2.744762599468231201e-01
6.745750457048416138e-02
1.326278150081634521e-01
1.361996382474899292e-01
2.234467566013336182e-01
2.513042688369750977e-01
2.568702995777130127e-01
1.172703281044960022e-01
2.078787237405776978e-01
1.881906539201736450e-01
2.673511207103729248e-01
2.471322380006313324e-02
1.019358932971954346e-01
5.560371279716491699e-02
1.495503038167953491e-01
3.362946957349777222e-02
9.394396841526031494e-02
2.570030093193054199e-01
3.536816537380218506e-01
5.155820399522781372e-02
4.539292678236961365e-02
5.497450754046440125e-02
2.002292424440383911e-01
1.177218109369277954e-01
3.401462435722351074e-01
1.294081062078475952e-01
2.683141529560089111e-01
4.130138456821441650e-01
2.961532473564147949e-01
1.816089302301406860e-01
1.422393620014190674e-01
5.760470777750015259e-02
1.164948344230651855e-01
1.213813349604606628e-01
1.026062741875648499e-01
4.584905505180358887e-02
8.392075449228286743e-02
5.870089679956436157e-02
2.668662741780281067e-02
1.004062294960021973e-01
1.712472438812255859e-01
2.809789031744003296e-02
9.795794636011123657e-02
1.664795577526092529e-01
5.825672671198844910e-02
6.625759601593017578e-02
2.220134139060974121e-01
1.778512448072433472e-01
3.098680078983306885e-01
1.767068207263946533e-01
5.801232159137725830e-02
1.391165703535079956e-01
3.140947818756103516e-01
3.220955282449722290e-02
1.093248203396797180e-01
2.010464668273925781e-01
1.307086348533630371e-01
2.377070039510726929e-01
6.694673001766204834e-02
1.037423387169837952e-01
9.102889150381088257e-02
2.525671720504760742e-01
2.100106328725814819e-01
1.430084109306335449e-01
1.234246864914894104e-01
2.745833694934844971e-01
1.581154465675354004e-01
1.433521211147308350e-01
2.193513661623001099e-01
2.057638615369796753e-01
1.565742045640945435e-01
2.710647284984588623e-01
3.987572491168975830e-01
1.106196343898773193e-01
1.388792544603347778e-01
8.067487925291061401e-02
1.072006672620773315e-01
4.725498706102371216e-02
2.457694113254547119e-01
1.648285239934921265e-01
2.236828058958053589e-01
1.149771735072135925e-01
2.675261721014976501e-02
4.340863525867462158e-01
1.160510852932929993e-01
6.837812811136245728e-02
2.447801381349563599e-01
2.868756949901580811e-01
2.942147850990295410e-01
2.284342236816883087e-02
9.493200480937957764e-02
2.616719603538513184e-01
2.358493506908416748e-01
1.441368758678436279e-01
1.648396551609039307e-01
3.326609432697296143e-01
2.247977256774902344e-01
1.845411509275436401e-01
3.114077448844909668e-01
6.524307280778884888e-02
1.103790178894996643e-01
2.865675389766693115e-01
2.974158227443695068e-01
2.796812057495117188e-01
1.532131135463714600e-01
3.344756066799163818e-01
2.869055047631263733e-02
1.423349231481552124e-01
1.211130246520042419e-01
2.520661950111389160e-01
2.257070392370223999e-01
6.339247524738311768e-02
1.740820407867431641e-01
1.680487096309661865e-01
1.130926907062530518e-01
2.805247902870178223e-01
5.347009748220443726e-02
3.091796040534973145e-01
1.340974867343902588e-01
7.743088901042938232e-02
1.789248436689376831e-01
1.715667694807052612e-01
1.580838114023208618e-01
7.603405416011810303e-02
9.121283143758773804e-02
8.293724805116653442e-02
2.441000491380691528e-01
2.322247177362442017e-01
1.911238282918930054e-01
4.760043919086456299e-01
2.150447517633438110e-01
1.079347282648086548e-01
3.079567551612854004e-01
7.365751266479492188e-02
2.206984013319015503e-01
1.011985242366790771e-01
7.155060023069381714e-02
6.101872026920318604e-02
5.734964832663536072e-02
2.990513145923614502e-01
5.601000785827636719e-02
1.624606698751449585e-01
1.383275687694549561e-01
1.480278521776199341e-01
5.127707496285438538e-02
2.942869663238525391e-01
1.354550719261169434e-01
1.228281632065773010e-01
1.875430196523666382e-01
3.013157844543457031e-01
1.290542930364608765e-01
2.156791388988494873e-01
1.213859021663665771e-01
1.033911108970642090e-01
1.323306411504745483e-01
1.307379901409149170e-01
7.230940461158752441e-02
2.264387160539627075e-02
3.323704898357391357e-01
6.222663447260856628e-02
4.743757843971252441e-02
4.876958206295967102e-02
4.131266772747039795e-01
5.565506964921951294e-02
2.902611792087554932e-01
2.560657858848571777e-01
8.147746324539184570e-02
8.088733255863189697e-02
9.528815746307373047e-02
1.917230635881423950e-01
8.779966086149215698e-02
1.977644413709640503e-01
2.075905501842498779e-01
2.235579341650009155e-01
1.102875322103500366e-01
8.168728649616241455e-02
5.844011902809143066e-02
4.009767174720764160e-01
1.307796537876129150e-01
2.193347215652465820e-01
6.818501353263854980e-01
4.121498763561248779e-02
1.062627434730529785e-01
1.789211034774780273e-01
1.176157519221305847e-01
3.211726844310760498e-01
2.117243707180023193e-01
1.179853156208992004e-01
3.311672210693359375e-01
2.981185615062713623e-01
1.093488782644271851e-01
2.045786678791046143e-01
2.841646224260330200e-02
1.753604710102081299e-01
2.795532047748565674e-01
2.118602991104125977e-01
1.480538994073867798e-01
1.173243895173072815e-01
2.743478417396545410e-01
2.499767392873764038e-01
1.215951368212699890e-01
1.705833971500396729e-01
9.842968732118606567e-02
7.495853304862976074e-02
9.062609821557998657e-02
2.399962544441223145e-01
2.406088411808013916e-01
1.714533865451812744e-01
7.638590782880783081e-02
1.678407937288284302e-01
2.184273451566696167e-01
2.771810069680213928e-02
4.126968979835510254e-02
7.916276901960372925e-02
1.387093365192413330e-01
1.530426293611526489e-01
2.314342707395553589e-01
7.086136937141418457e-02
8.440817147493362427e-02
3.717625141143798828e-01
3.225322067737579346e-01
7.556671649217605591e-02
1.191441193222999573e-01
9.001256525516510010e-02
3.597222268581390381e-02
2.721624672412872314e-01
1.824739873409271240e-01
1.408640742301940918e-01
3.874662816524505615e-01
1.249463409185409546e-01
2.279510498046875000e-01
1.739304512739181519e-01
1.922730654478073120e-01
1.762166023254394531e-01
1.302324384450912476e-01
1.253243833780288696e-01
1.266696155071258545e-01
1.555303037166595459e-01
2.058013528585433960e-01
2.211793512105941772e-01
5.308098345994949341e-02
2.028647810220718384e-01
9.482245892286300659e-02
2.896338701248168945e-01
1.443837583065032959e-01
2.370918244123458862e-01
5.725842341780662537e-02
1.524771749973297119e-01
6.028117612004280090e-02
6.050585582852363586e-02
2.200676649808883667e-01
1.659215539693832397e-01
1.949142962694168091e-01
2.609886527061462402e-01
2.291138768196105957e-01
4.500138014554977417e-02
1.824435740709304810e-01
9.164387732744216919e-02
2.563133239746093750e-01
4.048216342926025391e-02
2.581380307674407959e-01
8.423098176717758179e-02
2.021925747394561768e-01
1.285737901926040649e-01
1.784973740577697754e-01
2.842503786087036133e-01
1.902533918619155884e-01
1.303646713495254517e-01
1.784916818141937256e-01
1.127844825387001038e-01
1.626664847135543823e-01
1.102923676371574402e-01
7.497184723615646362e-02
1.419251561164855957e-01
5.481139943003654480e-02
2.718735039234161377e-01
3.458175361156463623e-01
1.053373292088508606e-01
1.496410965919494629e-01
1.256552189588546753e-01
2.392120361328125000e-01
1.206559166312217712e-01
5.585116520524024963e-02
1.633180975914001465e-01
2.216397076845169067e-01
2.690410614013671875e-01
2.924315631389617920e-01
1.643184423446655273e-01
8.663870394229888916e-02
2.808384895324707031e-01
1.121719330549240112e-01
2.424395531415939331e-01
5.422484502196311951e-02
2.279398739337921143e-01
2.222851514816284180e-01
2.820810973644256592e-01
1.209390759468078613e-01
1.527464240789413452e-01
1.348580121994018555e-01
1.294091194868087769e-01
1.468562427908182144e-02
9.949183464050292969e-02
2.701971866190433502e-02
1.570637375116348267e-01
1.747204661369323730e-01
8.955632895231246948e-02
9.552242606878280640e-02
1.213189885020256042e-01
2.087401002645492554e-01
1.392732262611389160e-01
5.452579632401466370e-02
9.137833863496780396e-02
9.228040277957916260e-02
7.531051337718963623e-02
1.503666192293167114e-01
1.376438140869140625e-01
9.786497801542282104e-02
5.600501969456672668e-02
3.674285486340522766e-02
5.895191803574562073e-02
4.448451846837997437e-02
2.159648388624191284e-01
1.167220100760459900e-01
3.404645621776580811e-02
6.865175813436508179e-02
1.742947697639465332e-01
4.496110677719116211e-01
1.245265528559684753e-01
2.440349608659744263e-01
1.501543372869491577e-01
8.357271552085876465e-02
1.962907612323760986e-01
2.437544167041778564e-01
1.352420151233673096e-01
1.176064386963844299e-01
8.099821954965591431e-02
1.369682401418685913e-01
1.276176869869232178e-01
4.418313503265380859e-02
1.114676669239997864e-01
7.662896066904067993e-02
5.015371739864349365e-02
2.104405313730239868e-01
3.710232377052307129e-01
8.337422460317611694e-02
2.859835922718048096e-01
1.359612792730331421e-01
2.165303826332092285e-01
2.973942756652832031e-01
2.494290918111801147e-01
1.337338238954544067e-01
1.237584203481674194e-01
1.284719407558441162e-01
6.674629449844360352e-02
2.800359129905700684e-01
9.701028466224670410e-02
3.366735577583312988e-02
5.825639888644218445e-02
7.847137749195098877e-02
2.006456404924392700e-01
1.850732713937759399e-01
1.966521292924880981e-01
2.007166594266891479e-01
1.373755335807800293e-01
7.369613647460937500e-02
5.324602127075195312e-01
1.033391952514648438e-01
9.936464577913284302e-02
8.585309982299804688e-02
1.291114687919616699e-01
1.032290533185005188e-01
1.906156837940216064e-01
8.936443179845809937e-02
2.946348488330841064e-01
1.168971955776214600e-01
2.435917705297470093e-01
1.073244661092758179e-01
1.820623576641082764e-01
1.113655269145965576e-01
1.443194150924682617e-01
7.179640978574752808e-02
6.070139631628990173e-02
2.712426483631134033e-01
2.135107107460498810e-02
1.085727512836456299e-01
1.768671870231628418e-01
8.783823251724243164e-02
8.036016672849655151e-02
2.249001264572143555e-01
2.361018955707550049e-01
5.529755353927612305e-02
2.541058063507080078e-01
