-6.452781613916158676e-03
-1.101180259138345718e-02
-1.029069814831018448e-02
-1.420554053038358688e-02
-5.305333063006401062e-03
-2.642318792641162872e-02
2.682610042393207550e-02
-1.562627963721752167e-02
1.003999612294137478e-03
-5.343867000192403793e-03
-1.738817803561687469e-02
-6.297259591519832611e-03
2.276617661118507385e-02
7.123882416635751724e-03
2.956461161375045776e-02
-7.431208505295217037e-04
2.604193612933158875e-02
-1.024784520268440247e-02
5.226937355473637581e-04
4.685733467340469360e-03
2.995637431740760803e-02
2.818002365529537201e-02
-3.116836026310920715e-02
2.263943850994110107e-02
-1.874252781271934509e-02
-1.425888738594949245e-03
-1.757472939789295197e-02
6.304331589490175247e-03
-2.198116481304168701e-02
2.115299459546804428e-03
1.293586194515228271e-02
-2.536296844482421875e-02
1.931689493358135223e-02
3.713096491992473602e-03
1.979506202042102814e-02
-3.929784055799245834e-03
-1.852929592132568359e-02
2.021949365735054016e-02
-2.863484621047973633e-02
2.310527488589286804e-02
-2.758737839758396149e-02
-1.039379369467496872e-02
2.295874431729316711e-02
-2.734638936817646027e-02
5.370980594307184219e-03
-2.130566909909248352e-02
-7.307012565433979034e-03
-2.910606004297733307e-02
9.621111676096916199e-03
-1.707221008837223053e-02
1.818377338349819183e-02
2.483821660280227661e-02
-4.160067066550254822e-03
8.574468083679676056e-03
1.834536902606487274e-02
-2.793221920728683472e-02
2.784796804189682007e-02
7.160379085689783096e-03
1.463146298192441463e-03
-1.504338346421718597e-02
1.479311101138591766e-02
-9.303256869316101074e-03
1.575024984776973724e-02
1.219552569091320038e-02
-1.472655031830072403e-02
2.478848583996295929e-02
2.316369675099849701e-02
-1.254836749285459518e-02
1.334788836538791656e-02
5.081508308649063110e-03
-2.847072668373584747e-03
2.998894639313220978e-02
2.781274914741516113e-02
1.328103151172399521e-02
-3.055669553577899933e-02
-2.946926839649677277e-02
2.848658338189125061e-02
1.654372364282608032e-02
-7.375757675617933273e-03
-2.185826003551483154e-02
-2.218103781342506409e-02
-1.556623261421918869e-02
-2.653178758919239044e-02
1.340550370514392853e-02
1.744094863533973694e-02
4.626636859029531479e-03
-1.638579368591308594e-02
-1.946559362113475800e-02
-1.551055908203125000e-02
-2.790366113185882568e-02
-1.462220307439565659e-02
2.117593772709369659e-02
1.673904247581958771e-03
-2.496946975588798523e-02
7.980220019817352295e-03
1.241383142769336700e-02
1.769306696951389313e-02
9.827994508668780327e-04
-2.600932493805885315e-02
8.547856472432613373e-03
2.823662757873535156e-02
-2.839484624564647675e-02
-1.205568574368953705e-02
8.335484308190643787e-04
2.280069142580032349e-02
-1.314700930379331112e-03
2.792576327919960022e-02
2.043933421373367310e-02
3.027468919754028320e-02
1.156283635646104813e-02
-1.974155381321907043e-02
-6.620544474571943283e-03
1.710256002843379974e-02
2.740775980055332184e-02
2.377812936902046204e-02
-2.933086268603801727e-02
1.034134626388549805e-02
-2.697382681071758270e-02
-1.416162122040987015e-02
9.067023172974586487e-03
2.570793218910694122e-02
-5.002566613256931305e-03
-4.316495265811681747e-03
2.045126631855964661e-02
-2.119977772235870361e-02
-2.660099044442176819e-02
2.097001485526561737e-02
2.257138863205909729e-02
1.221970538608729839e-03
-2.842674031853675842e-02
1.836751587688922882e-02
-9.572945535182952881e-03
-1.533923298120498657e-02
1.704029552638530731e-02
-9.909188374876976013e-03
4.765463992953300476e-03
2.829782851040363312e-02
-3.012003563344478607e-02
-2.423489652574062347e-02
9.745982824824750423e-04
2.395505085587501526e-02
-1.596765406429767609e-02
9.413829073309898376e-03
-3.468902548775076866e-03
-1.394666638225317001e-02
6.083177868276834488e-03
1.721021160483360291e-02
-1.451578177511692047e-02
-9.912214241921901703e-03
-2.552659437060356140e-02
-1.046623475849628448e-02
3.069176897406578064e-02
-1.690580323338508606e-02
1.101290807127952576e-02
1.907929219305515289e-02
-1.368625555187463760e-02
-1.571354456245899200e-02
1.785111427307128906e-02
8.020499721169471741e-03
1.141754351556301117e-02
2.153132297098636627e-02
-1.581844873726367950e-02
-3.068899177014827728e-02
-6.417828612029552460e-03
-4.975580610334873199e-03
9.097167290747165680e-03
-2.898747473955154419e-02
2.385310269892215729e-02
-2.121633006026968360e-04
3.516819793730974197e-03
-1.149358507245779037e-02
-1.600588113069534302e-02
-2.868833206593990326e-02
3.051498532295227051e-02
-8.311817422509193420e-03
-1.524952473118901253e-03
1.882810844108462334e-03
1.398037560284137726e-02
-9.396235458552837372e-03
-7.688676007091999054e-03
-1.603311672806739807e-02
5.556516698561608791e-04
-8.886948227882385254e-03
2.317602187395095825e-02
9.353516623377799988e-03
7.315079681575298309e-03
1.974092982709407806e-02
-1.416390761733055115e-03
1.222862768918275833e-02
2.578883804380893707e-02
-1.264194771647453308e-02
2.712197415530681610e-02
-2.227669022977352142e-02
2.919979766011238098e-02
1.867765001952648163e-02
1.499951444566249847e-02
-1.915593072772026062e-02
4.845703486353158951e-03
1.877170056104660034e-02
-5.215676501393318176e-03
-1.968597248196601868e-02
-3.121646121144294739e-02
2.362862974405288696e-02
2.909006550908088684e-02
-1.742951571941375732e-02
-5.859522498212754726e-04
2.313631772994995117e-02
2.430587075650691986e-02
1.986393937841057777e-03
3.082188777625560760e-02
-5.431050900369882584e-03
-5.143130663782358170e-03
5.345358978956937790e-03
7.169715827330946922e-04
-1.825565099716186523e-02
8.113836869597434998e-03
-5.451375036500394344e-04
-2.678866125643253326e-02
3.705832408741116524e-03
2.711890265345573425e-02
-2.971571229863911867e-04
2.156646735966205597e-02
-3.052891790866851807e-02
-2.246891707181930542e-02
1.122727710753679276e-02
-2.494691126048564911e-02
-2.901435829699039459e-02
1.572628132998943329e-02
1.592202112078666687e-02
-3.475626290310174227e-04
-2.064281143248081207e-02
1.707001030445098877e-02
-8.755888789892196655e-03
4.391608294099569321e-03
4.091636219527572393e-04
-1.795282773673534393e-02
-5.463269073516130447e-03
-3.059725044295191765e-03
2.487552352249622345e-02
-4.591681994497776031e-03
-3.473066259175539017e-03
8.203786797821521759e-03
2.287699468433856964e-02
-1.951774954795837402e-02
-2.138126268982887268e-02
-8.482308126986026764e-03
-2.630488574504852295e-02
-3.315884387120604515e-03
2.238820679485797882e-02
3.113528527319431305e-02
-1.653117500245571136e-02
1.081024389714002609e-02
-7.062443066388368607e-03
4.832716193050146103e-03
-3.331300104036927223e-03
1.402984745800495148e-02
-1.414394658058881760e-02
1.273592095822095871e-02
3.478624392300844193e-03
8.257108740508556366e-03
8.632821030914783478e-03
2.221651561558246613e-02
2.839453704655170441e-02
-6.363184656947851181e-03
1.146520953625440598e-02
1.615037582814693451e-02
2.863748930394649506e-02
1.348155643790960312e-02
1.060301344841718674e-02
1.315936539322137833e-02
-3.339546034112572670e-03
-2.333298325538635254e-02
-2.302730083465576172e-02
-1.221410371363162994e-02
-3.598340845201164484e-04
2.407587133347988129e-02
6.966758985072374344e-03
1.160547882318496704e-02
-2.919116988778114319e-02
1.935793831944465637e-02
2.208448201417922974e-02
3.040015883743762970e-02
-2.258969284594058990e-02
1.994789578020572662e-02
-6.108779460191726685e-03
-2.160638757050037384e-02
1.166500523686408997e-02
-2.366621606051921844e-02
6.347952876240015030e-03
-2.026771195232868195e-03
8.965681772679090500e-04
-4.188396560493856668e-04
7.855021394789218903e-03
-1.994795165956020355e-02
-1.645931974053382874e-02
2.863087318837642670e-02
2.286861091852188110e-02
1.185744162648916245e-02
-1.616040803492069244e-02
-4.038446582853794098e-03
-2.266480587422847748e-03
-3.802851075306534767e-03
-5.967969540506601334e-03
4.797143861651420593e-03
2.463645115494728088e-02
-4.261213820427656174e-03
-2.750160871073603630e-03
1.493535377085208893e-02
3.007771447300910950e-02
2.899084985256195068e-02
2.702920697629451752e-02
2.996745333075523376e-02
-2.884973585605621338e-02
6.869937758892774582e-03
2.876478806138038635e-02
-2.497473731637001038e-02
1.507852692157030106e-02
-2.323521301150321960e-02
-1.129139028489589691e-02
1.246725674718618393e-02
2.836982719600200653e-02
-6.310112308710813522e-03
-1.630478538572788239e-02
1.540023460984230042e-02
-2.199565060436725616e-02
1.684882305562496185e-02
-1.206312328577041626e-02
-1.141658425331115723e-02
2.336841821670532227e-02
2.830349095165729523e-02
1.335665769875049591e-02
-2.232974767684936523e-02
-2.508235396817326546e-03
-2.522760629653930664e-02
3.070086007937788963e-03
2.975629456341266632e-02
9.245070628821849823e-03
-9.291411377489566803e-03
-1.048812456429004669e-02
-1.240980718284845352e-02
-2.425334602594375610e-02
6.397809833288192749e-03
3.157115075737237930e-03
-2.537331357598304749e-02
3.473957185633480549e-04
1.300802454352378845e-02
-2.679928950965404510e-02
-3.011072985827922821e-04
-2.706368453800678253e-02
-2.923878282308578491e-02
-8.283029892481863499e-04
-1.618775539100170135e-02
-1.657550409436225891e-02
3.105514310300350189e-02
1.385511597618460655e-03
-3.242102684453129768e-03
1.424068957567214966e-02
1.464719604700803757e-02
-3.092798590660095215e-02
-2.546489611268043518e-02
2.010405063629150391e-02
-1.731502078473567963e-02
2.631203457713127136e-02
2.774105779826641083e-02
3.120022360235452652e-03
1.348210778087377548e-02
1.847598701715469360e-02
2.111146226525306702e-02
2.885760553181171417e-02
2.320375107228755951e-02
1.231418829411268234e-02
-1.870458945631980896e-02
-2.146057598292827606e-02
1.639937795698642731e-02
2.453906275331974030e-02
-2.905596047639846802e-02
-1.205036975443363190e-02
2.851957082748413086e-02
-2.827922068536281586e-02
-2.280309796333312988e-02
-1.701849885284900665e-02
-2.488850988447666168e-02
-3.124729497358202934e-03
-2.999594248831272125e-02
2.469526417553424835e-02
-9.672136977314949036e-03
2.698830328881740570e-02
1.073826290667057037e-02
-1.661292463541030884e-02
-1.320488005876541138e-02
-7.130843121558427811e-03
-1.732612773776054382e-02
9.354150854051113129e-03
1.319232676178216934e-02
5.120080895721912384e-03
5.579079035669565201e-03
2.998083457350730896e-02
-8.282142691314220428e-03
3.106646705418825150e-03
-1.911575905978679657e-02
-8.382387459278106689e-03
1.880274899303913116e-02
3.572034765966236591e-04
-2.805325901135802269e-03
1.823531091213226318e-02
1.580111868679523468e-02
2.144694328308105469e-02
-1.199171040207147598e-02
-1.176020037382841110e-02
-1.542652212083339691e-02
-1.188106555491685867e-02
-1.913954503834247589e-02
1.721079833805561066e-02
-2.847977448254823685e-03
-2.031007781624794006e-02
-1.117416284978389740e-02
-1.346731558442115784e-02
8.037173189222812653e-03
-1.074935309588909149e-02
1.827459782361984253e-02
1.885060034692287445e-02
-7.436339277774095535e-03
-1.222063042223453522e-02
-2.166195772588253021e-02
5.469419527798891068e-03
1.856296882033348083e-02
-3.442058572545647621e-03
2.120923437178134918e-02
-1.215427648276090622e-02
7.492208387702703476e-03
-5.651827901601791382e-03
-2.441782737150788307e-03
3.554385853931307793e-03
7.794748060405254364e-03
-1.794281043112277985e-02
2.735106274485588074e-02
-2.419965714216232300e-02
-2.728316560387611389e-02
-1.904888264834880829e-02
-3.070988878607749939e-02
-1.192234922200441360e-02
-1.344848051667213440e-02
6.281284149736166000e-04
4.205241799354553223e-03
8.197887800633907318e-03
-1.139941345900297165e-02
-1.787928305566310883e-02
1.052746269851922989e-02
5.295778624713420868e-03
-1.710025966167449951e-02
-2.144222520291805267e-02
-2.237398549914360046e-02
2.174778096377849579e-02
6.461694370955228806e-03
-1.019426621496677399e-02
-1.040464849211275578e-03
1.901535689830780029e-02
2.599084191024303436e-02
2.905233949422836304e-02
2.931855618953704834e-02
-2.554565295577049255e-02
6.314191035926342010e-03
-1.333711668848991394e-02
1.196842081844806671e-02
-1.934846676886081696e-02
2.415539510548114777e-02
-3.003729740157723427e-03
-2.405785396695137024e-02
-8.289520628750324249e-04
-2.976336702704429626e-02
1.684531569480895996e-02
-9.969237260520458221e-03
2.398464828729629517e-03
2.566993609070777893e-02
3.498330013826489449e-03
2.287669293582439423e-02
3.068185783922672272e-02
1.668913476169109344e-02
-1.201128866523504257e-02
-2.679323963820934296e-02
9.013581089675426483e-03
1.897748745977878571e-02
1.862955093383789062e-02
-1.859896257519721985e-02
-1.134022325277328491e-02
-2.095558308064937592e-02
9.862482547760009766e-03
-2.765074931085109711e-02
3.006949461996555328e-02
2.460377849638462067e-02
1.374964509159326553e-02
8.387720212340354919e-03
-2.585077844560146332e-02
2.266667410731315613e-02
2.119861543178558350e-02
2.340542338788509369e-02
2.877337671816349030e-02
-9.253165684640407562e-03
4.383063875138759613e-03
1.533145084977149963e-02
2.763882651925086975e-02
-2.910181134939193726e-02
-3.061796072870492935e-03
-6.528990343213081360e-04
-2.292266860604286194e-02
2.767378278076648712e-02
-1.515711471438407898e-02
-1.160299591720104218e-02
-1.996657997369766235e-02
-3.072622790932655334e-02
-2.822584845125675201e-02
-5.897315684705972672e-03
