9.941204190254211426e-01
9.962666630744934082e-01
9.996926784515380859e-01
9.936434030532836914e-01
9.899429082870483398e-01
1.001700758934020996e+00
9.953836798667907715e-01
9.930163621902465820e-01
1.041548728942871094e+00
9.942533373832702637e-01
1.013356089591979980e+00
9.899888634681701660e-01
9.946733117103576660e-01
9.952698945999145508e-01
1.011363267898559570e+00
1.005143642425537109e+00
9.962857961654663086e-01
9.941374063491821289e-01
9.935320019721984863e-01
9.938989281654357910e-01
9.998841285705566406e-01
9.964479804039001465e-01
1.002841234207153320e+00
1.005497813224792480e+00
9.986745715141296387e-01
9.949629306793212891e-01
9.911301136016845703e-01
1.012513279914855957e+00
9.994304180145263672e-01
9.988443851470947266e-01
9.953477382659912109e-01
9.947535395622253418e-01
9.906395673751831055e-01
1.007298827171325684e+00
9.887218475341796875e-01
1.005182981491088867e+00
1.020577669143676758e+00
1.022835493087768555e+00
9.918024539947509766e-01
1.020817399024963379e+00
9.955108761787414551e-01
9.878591895103454590e-01
9.990720748901367188e-01
9.925135374069213867e-01
1.001519441604614258e+00
1.004781365394592285e+00
9.970338344573974609e-01
9.911195635795593262e-01
1.011358857154846191e+00
9.903668165206909180e-01
9.995680451393127441e-01
9.976000189781188965e-01
1.000870347023010254e+00
1.000883340835571289e+00
1.000701427459716797e+00
9.842118024826049805e-01
9.970572590827941895e-01
9.990786314010620117e-01
1.079159975051879883e+00
9.944989681243896484e-01
9.986558556556701660e-01
9.998273253440856934e-01
9.970409870147705078e-01
1.005569696426391602e+00
9.954045414924621582e-01
1.015898108482360840e+00
9.997490644454956055e-01
9.968184828758239746e-01
1.011325716972351074e+00
9.981573224067687988e-01
9.912895560264587402e-01
9.979190826416015625e-01
1.000913739204406738e+00
1.000535607337951660e+00
1.004483103752136230e+00
9.983840584754943848e-01
9.957605004310607910e-01
9.842596054077148438e-01
1.006977915763854980e+00
1.005331158638000488e+00
9.989020824432373047e-01
9.956521391868591309e-01
1.000490665435791016e+00
1.018312215805053711e+00
1.002300977706909180e+00
9.900594353675842285e-01
9.928721189498901367e-01
1.001064181327819824e+00
9.918303489685058594e-01
9.946763515472412109e-01
9.928759336471557617e-01
9.966537356376647949e-01
9.903027415275573730e-01
1.009668946266174316e+00
9.898022413253784180e-01
1.004875659942626953e+00
1.001403689384460449e+00
1.001822352409362793e+00
1.019710540771484375e+00
1.001459002494812012e+00
9.916844964027404785e-01
1.001807332038879395e+00
9.978346228599548340e-01
9.910891056060791016e-01
9.925748705863952637e-01
1.001506924629211426e+00
9.923561215400695801e-01
9.957939386367797852e-01
1.004236459732055664e+00
9.823143482208251953e-01
9.974307417869567871e-01
1.000760436058044434e+00
9.909984469413757324e-01
9.946502447128295898e-01
1.010809540748596191e+00
1.011129021644592285e+00
9.967759251594543457e-01
9.942854046821594238e-01
9.941140413284301758e-01
9.975454807281494141e-01
1.005024433135986328e+00
9.979624152183532715e-01
9.906058311462402344e-01
1.015749931335449219e+00
1.000095009803771973e+00
9.875263571739196777e-01
9.968026280403137207e-01
9.970052242279052734e-01
9.979761242866516113e-01
9.990194439888000488e-01
1.000365853309631348e+00
1.003306388854980469e+00
9.955983161926269531e-01
1.001064777374267578e+00
1.008125782012939453e+00
1.001547336578369141e+00
1.001961708068847656e+00
9.938713908195495605e-01
1.007776856422424316e+00
1.000682950019836426e+00
1.002755522727966309e+00
1.005983471870422363e+00
9.986363649368286133e-01
9.984130263328552246e-01
9.969877600669860840e-01
9.996930360794067383e-01
1.006361484527587891e+00
9.903696179389953613e-01
1.002346396446228027e+00
9.971528649330139160e-01
9.985371232032775879e-01
9.997581839561462402e-01
1.002977252006530762e+00
9.933791160583496094e-01
1.001831293106079102e+00
9.904808402061462402e-01
9.912391304969787598e-01
9.970347881317138672e-01
9.930762648582458496e-01
9.966540336608886719e-01
9.985065460205078125e-01
1.007440686225891113e+00
1.000735402107238770e+00
1.008123517036437988e+00
9.900017976760864258e-01
1.000545144081115723e+00
9.929227828979492188e-01
1.003274679183959961e+00
1.012197256088256836e+00
1.011262774467468262e+00
1.004500865936279297e+00
1.001914858818054199e+00
9.998420476913452148e-01
9.983831048011779785e-01
9.857833981513977051e-01
9.936590194702148438e-01
9.910725951194763184e-01
1.019530773162841797e+00
9.987325072288513184e-01
1.003788113594055176e+00
1.003072619438171387e+00
1.074069380760192871e+00
9.968436956405639648e-01
9.965850710868835449e-01
9.992059469223022461e-01
1.000459432601928711e+00
9.981341958045959473e-01
9.913474917411804199e-01
9.985229372978210449e-01
9.853569865226745605e-01
1.001047968864440918e+00
9.961462020874023438e-01
1.001031398773193359e+00
1.014621019363403320e+00
1.003639817237854004e+00
1.004775285720825195e+00
1.006748318672180176e+00
9.974767565727233887e-01
9.894353747367858887e-01
1.011929631233215332e+00
1.001772999763488770e+00
1.002973675727844238e+00
9.983996152877807617e-01
9.965507984161376953e-01
9.899508357048034668e-01
9.942682981491088867e-01
9.821102023124694824e-01
9.864839911460876465e-01
9.968290328979492188e-01
1.005279898643493652e+00
9.989470839500427246e-01
1.009806752204895020e+00
9.893925189971923828e-01
9.960047602653503418e-01
9.914777278900146484e-01
1.016600370407104492e+00
9.971209764480590820e-01
1.001523852348327637e+00
9.987345337867736816e-01
9.893048405647277832e-01
1.007333755493164062e+00
9.961546063423156738e-01
1.005195498466491699e+00
1.004749178886413574e+00
1.016530394554138184e+00
1.008950591087341309e+00
9.937871694564819336e-01
9.951886534690856934e-01
1.002593278884887695e+00
9.910104870796203613e-01
9.969351291656494141e-01
1.004032254219055176e+00
9.987114667892456055e-01
9.980077743530273438e-01
9.966579079627990723e-01
1.003537178039550781e+00
1.021818041801452637e+00
9.981777667999267578e-01
9.947980642318725586e-01
9.980537295341491699e-01
9.913894534111022949e-01
1.001821875572204590e+00
9.911362528800964355e-01
9.945311546325683594e-01
9.984206557273864746e-01
9.911253452301025391e-01
9.970955252647399902e-01
1.001138448715209961e+00
9.895513653755187988e-01
9.995518326759338379e-01
1.008003234863281250e+00
1.000306725502014160e+00
9.955056905746459961e-01
9.911190867424011230e-01
9.959889054298400879e-01
9.987615942955017090e-01
1.002414703369140625e+00
1.002384543418884277e+00
1.011206507682800293e+00
9.995911717414855957e-01
1.007220745086669922e+00
9.908100366592407227e-01
9.996936321258544922e-01
1.005713105201721191e+00
1.000097632408142090e+00
9.975638985633850098e-01
1.013962388038635254e+00
9.954505562782287598e-01
1.001798510551452637e+00
1.002484202384948730e+00
1.002025961875915527e+00
9.971404671669006348e-01
9.909815192222595215e-01
9.971744418144226074e-01
9.986423850059509277e-01
9.877506494522094727e-01
1.000369310379028320e+00
9.968243837356567383e-01
9.968791007995605469e-01
1.000099062919616699e+00
9.944772124290466309e-01
1.006456136703491211e+00
9.962297677993774414e-01
1.003759264945983887e+00
9.940527081489562988e-01
1.018505930900573730e+00
1.000001788139343262e+00
9.953712821006774902e-01
9.938374161720275879e-01
1.000746488571166992e+00
9.999148845672607422e-01
1.008867740631103516e+00
1.003188610076904297e+00
1.004736542701721191e+00
9.948663115501403809e-01
9.939764738082885742e-01
1.017572879791259766e+00
9.966576695442199707e-01
9.945955872535705566e-01
1.000018715858459473e+00
9.934303164482116699e-01
1.001690387725830078e+00
9.990578293800354004e-01
9.923090934753417969e-01
9.982336759567260742e-01
1.003473877906799316e+00
9.936750531196594238e-01
9.985482096672058105e-01
1.006427526473999023e+00
9.822359085083007812e-01
1.000050306320190430e+00
9.961189627647399902e-01
1.001693248748779297e+00
1.015912413597106934e+00
1.012229442596435547e+00
9.890663027763366699e-01
9.979992508888244629e-01
9.958661198616027832e-01
9.987476468086242676e-01
1.013498187065124512e+00
1.004661560058593750e+00
9.936516284942626953e-01
9.995585680007934570e-01
9.925959110260009766e-01
1.000473856925964355e+00
9.978511929512023926e-01
9.973638653755187988e-01
1.004658341407775879e+00
1.011049032211303711e+00
9.981812238693237305e-01
9.971143603324890137e-01
9.975763559341430664e-01
1.026279807090759277e+00
9.871313571929931641e-01
9.948527216911315918e-01
9.929497838020324707e-01
1.010402202606201172e+00
1.008918642997741699e+00
9.909088015556335449e-01
1.003310561180114746e+00
9.898743033409118652e-01
1.004598140716552734e+00
1.008244276046752930e+00
9.872751832008361816e-01
9.858173727989196777e-01
9.974135756492614746e-01
9.926485419273376465e-01
9.952476620674133301e-01
1.021606683731079102e+00
9.996418356895446777e-01
1.000346422195434570e+00
1.001078963279724121e+00
1.001568555831909180e+00
9.905495047569274902e-01
1.000327587127685547e+00
9.994997978210449219e-01
9.961526393890380859e-01
1.000222921371459961e+00
1.010997533798217773e+00
1.015046834945678711e+00
9.996609091758728027e-01
9.938158988952636719e-01
9.972865581512451172e-01
9.918326735496520996e-01
1.000656962394714355e+00
9.963278174400329590e-01
9.934374094009399414e-01
9.989482760429382324e-01
9.923680424690246582e-01
1.014083981513977051e+00
9.994834661483764648e-01
9.964462518692016602e-01
1.004142642021179199e+00
9.878855347633361816e-01
9.947825670242309570e-01
1.000979185104370117e+00
1.000450730323791504e+00
1.010824084281921387e+00
1.007130622863769531e+00
9.971870183944702148e-01
1.057883381843566895e+00
9.914011359214782715e-01
1.001672506332397461e+00
9.968491196632385254e-01
1.000661611557006836e+00
9.883008599281311035e-01
9.942796826362609863e-01
1.000810027122497559e+00
1.023893713951110840e+00
9.995588064193725586e-01
9.869330525398254395e-01
9.978320002555847168e-01
1.005645632743835449e+00
9.997087717056274414e-01
9.969254732131958008e-01
1.001271724700927734e+00
9.881337881088256836e-01
9.860939383506774902e-01
1.004067540168762207e+00
9.853088259696960449e-01
9.941177368164062500e-01
9.985265135765075684e-01
9.887223243713378906e-01
1.001873254776000977e+00
1.018678069114685059e+00
1.003919482231140137e+00
1.011795639991760254e+00
9.958116412162780762e-01
9.920710921287536621e-01
1.011254429817199707e+00
9.963867664337158203e-01
9.967361092567443848e-01
9.948865771293640137e-01
1.001260995864868164e+00
9.991206526756286621e-01
9.941801428794860840e-01
1.020955920219421387e+00
1.003061175346374512e+00
9.982048273086547852e-01
9.992752671241760254e-01
9.996473789215087891e-01
9.978210926055908203e-01
9.953916668891906738e-01
9.963830709457397461e-01
9.952086210250854492e-01
9.951395392417907715e-01
9.951657056808471680e-01
9.926205873489379883e-01
1.007756829261779785e+00
9.909595251083374023e-01
1.008856415748596191e+00
1.011478543281555176e+00
1.002965331077575684e+00
1.000863075256347656e+00
9.963400959968566895e-01
9.961932897567749023e-01
9.985629320144653320e-01
1.010223507881164551e+00
9.904519319534301758e-01
1.007424831390380859e+00
9.946739077568054199e-01
9.954308867454528809e-01
9.851145744323730469e-01
9.993630647659301758e-01
9.999331831932067871e-01
9.934917092323303223e-01
9.942407608032226562e-01
1.022046804428100586e+00
9.889305233955383301e-01
1.014465212821960449e+00
1.006522655487060547e+00
9.926838874816894531e-01
9.972307682037353516e-01
1.006602764129638672e+00
9.928261637687683105e-01
1.002322554588317871e+00
9.987186789512634277e-01
9.891234040260314941e-01
1.002751231193542480e+00
1.007527112960815430e+00
9.976695179939270020e-01
9.996765851974487305e-01
9.985901117324829102e-01
9.913514256477355957e-01
9.949666857719421387e-01
1.002348184585571289e+00
9.964204430580139160e-01
1.008734226226806641e+00
1.009492158889770508e+00
1.001320838928222656e+00
1.002080082893371582e+00
1.032122373580932617e+00
9.967095851898193359e-01
1.002755284309387207e+00
9.947348237037658691e-01
9.956697225570678711e-01
1.004735589027404785e+00
1.008420705795288086e+00
1.018167018890380859e+00
1.005089402198791504e+00
9.980382919311523438e-01
9.961550235748291016e-01
1.000119447708129883e+00
9.912760257720947266e-01
9.949381947517395020e-01
1.008961677551269531e+00
1.010364770889282227e+00
9.953477978706359863e-01
1.027069211006164551e+00
1.017350316047668457e+00
1.035906672477722168e+00
1.009573698043823242e+00
9.945293664932250977e-01
1.003108143806457520e+00
9.901208281517028809e-01
9.961239695549011230e-01
9.969051480293273926e-01
9.922440648078918457e-01
9.977363348007202148e-01
1.018461108207702637e+00
1.003304362297058105e+00
9.873073101043701172e-01
9.970766305923461914e-01
9.942300319671630859e-01
1.002143263816833496e+00
9.989358782768249512e-01
9.987082481384277344e-01
9.822810888290405273e-01
1.002962112426757812e+00
9.916554093360900879e-01
9.871441125869750977e-01
1.001045227050781250e+00
9.987146258354187012e-01
9.970502853393554688e-01
9.933892488479614258e-01
9.939629435539245605e-01
1.000937938690185547e+00
1.010202407836914062e+00
9.943311214447021484e-01
9.933657646179199219e-01
9.954051971435546875e-01
9.981465339660644531e-01
1.004082083702087402e+00
1.000976324081420898e+00
1.001646518707275391e+00
9.996624588966369629e-01
1.003518104553222656e+00
1.007486939430236816e+00
9.967440962791442871e-01
9.960162043571472168e-01
9.980717301368713379e-01
9.949224591255187988e-01
9.931775331497192383e-01
9.946170449256896973e-01
9.932649135589599609e-01
1.026836395263671875e+00
9.888872504234313965e-01
1.001815795898437500e+00
1.002553582191467285e+00
1.053472042083740234e+00
9.871078133583068848e-01
1.016660332679748535e+00
9.960078001022338867e-01
1.000921130180358887e+00
9.991325736045837402e-01
1.014193534851074219e+00
9.951682090759277344e-01
9.986147880554199219e-01
9.957240819931030273e-01
9.990533590316772461e-01
1.000793218612670898e+00
9.999017715454101562e-01
1.002719283103942871e+00
1.005421519279479980e+00
1.009681940078735352e+00
1.004544377326965332e+00
9.982023835182189941e-01
1.007918357849121094e+00
1.011548399925231934e+00
9.993228912353515625e-01
1.005707144737243652e+00
9.936091303825378418e-01
1.004197716712951660e+00
1.026013493537902832e+00
9.975464344024658203e-01
1.000727176666259766e+00
9.995360970497131348e-01
9.949139356613159180e-01
1.011162757873535156e+00
1.000378608703613281e+00
9.989573955535888672e-01
9.920337200164794922e-01
9.902840256690979004e-01
9.902647733688354492e-01
1.001924514770507812e+00
9.999529719352722168e-01
9.993532299995422363e-01
9.865818619728088379e-01
9.946720600128173828e-01
9.985913038253784180e-01
9.934715032577514648e-01
9.975984692573547363e-01
1.033351182937622070e+00
1.000964641571044922e+00
9.988476037979125977e-01
1.001134157180786133e+00
9.964028596878051758e-01
9.980281591415405273e-01
1.002438545227050781e+00
9.970782995223999023e-01
9.945742487907409668e-01
9.895920157432556152e-01
9.937446713447570801e-01
9.990965723991394043e-01
9.970760941505432129e-01
9.994646906852722168e-01
1.014090895652770996e+00
9.949594140052795410e-01
9.993365406990051270e-01
1.008939385414123535e+00
1.000417470932006836e+00
1.025959134101867676e+00
1.003100037574768066e+00
1.004708886146545410e+00
9.977526664733886719e-01
1.006616592407226562e+00
9.984802007675170898e-01
9.997282028198242188e-01
1.005107879638671875e+00
9.953367710113525391e-01
9.912478923797607422e-01
9.957392215728759766e-01
9.873971343040466309e-01
9.973548650741577148e-01
1.006085753440856934e+00
1.001524567604064941e+00
1.001027703285217285e+00
9.953384995460510254e-01
9.922387003898620605e-01
9.952646493911743164e-01
9.923741221427917480e-01
9.974257349967956543e-01
9.994595050811767578e-01
1.011048197746276855e+00
9.894160628318786621e-01
9.933003783226013184e-01
9.979740977287292480e-01
1.002709627151489258e+00
1.009212732315063477e+00
9.972779750823974609e-01
1.000786900520324707e+00
9.979318976402282715e-01
9.985081553459167480e-01
9.994814395904541016e-01
1.002588868141174316e+00
9.959390759468078613e-01
9.939873218536376953e-01
9.948403239250183105e-01
9.942469000816345215e-01
1.003817439079284668e+00
9.885144829750061035e-01
9.960772395133972168e-01
9.944850206375122070e-01
1.008233428001403809e+00
9.980658888816833496e-01
1.005008101463317871e+00
9.951445460319519043e-01
1.006367683410644531e+00
9.964552521705627441e-01
9.960861802101135254e-01
1.001950025558471680e+00
1.026098608970642090e+00
9.989106059074401855e-01
1.005596995353698730e+00
9.943928718566894531e-01
1.004813909530639648e+00
9.980130195617675781e-01
9.983014464378356934e-01
9.967492222785949707e-01
9.996269345283508301e-01
9.920811057090759277e-01
9.942921996116638184e-01
9.961162209510803223e-01
1.000155568122863770e+00
9.901620149612426758e-01
9.985069632530212402e-01
9.989359974861145020e-01
1.054221749305725098e+00
1.007182359695434570e+00
9.966927766799926758e-01
1.008878827095031738e+00
1.005107164382934570e+00
9.918842911720275879e-01
1.031101703643798828e+00
1.001858830451965332e+00
9.982022643089294434e-01
1.006586909294128418e+00
1.004311561584472656e+00
9.994480013847351074e-01
9.965847730636596680e-01
9.973626136779785156e-01
9.954718947410583496e-01
9.993780851364135742e-01
9.959597587585449219e-01
9.955167174339294434e-01
1.010935664176940918e+00
1.002379298210144043e+00
9.979186058044433594e-01
1.013655900955200195e+00
9.913049340248107910e-01
1.003743648529052734e+00
1.001166939735412598e+00
1.003552913665771484e+00
9.994004368782043457e-01
9.951268434524536133e-01
1.000194311141967773e+00
9.976834058761596680e-01
9.862206578254699707e-01
1.000012159347534180e+00
9.955444335937500000e-01
9.963847398757934570e-01
9.893379211425781250e-01
1.001528143882751465e+00
9.900542497634887695e-01
9.973310828208923340e-01
9.998402595520019531e-01
1.001413822174072266e+00
1.000489592552185059e+00
1.001080632209777832e+00
1.005013465881347656e+00
9.876024723052978516e-01
9.966340661048889160e-01
9.912906289100646973e-01
1.014822244644165039e+00
1.014245629310607910e+00
9.894522428512573242e-01
9.961898922920227051e-01
9.945374727249145508e-01
9.890184402465820312e-01
9.993876218795776367e-01
9.978463053703308105e-01
1.004622578620910645e+00
1.000236034393310547e+00
9.960746765136718750e-01
9.936425089836120605e-01
1.001515746116638184e+00
9.983752965927124023e-01
9.933950901031494141e-01
1.001330614089965820e+00
9.927047491073608398e-01
9.878875613212585449e-01
1.006635308265686035e+00
9.969457387924194336e-01
9.921952486038208008e-01
9.881522059440612793e-01
9.908573627471923828e-01
9.975884556770324707e-01
9.969731569290161133e-01
1.014108777046203613e+00
9.954017400741577148e-01
9.958571791648864746e-01
9.966679811477661133e-01
9.962399005889892578e-01
1.014459371566772461e+00
9.933218359947204590e-01
1.000421404838562012e+00
9.925534129142761230e-01
9.891318082809448242e-01
1.005945801734924316e+00
9.944785237312316895e-01
1.001035332679748535e+00
1.009594082832336426e+00
9.936357736587524414e-01
9.943742156028747559e-01
9.991136789321899414e-01
1.013635993003845215e+00
9.976204037666320801e-01
1.002494096755981445e+00
9.979894161224365234e-01
9.966441988945007324e-01
9.906032681465148926e-01
9.899907708168029785e-01
9.956150650978088379e-01
9.895436763763427734e-01
9.840133786201477051e-01
9.896281957626342773e-01
9.909691810607910156e-01
1.004815578460693359e+00
1.004128813743591309e+00
1.018393635749816895e+00
1.006749391555786133e+00
1.000118017196655273e+00
1.023565173149108887e+00
1.001205921173095703e+00
9.950030446052551270e-01
9.967538118362426758e-01
1.016143679618835449e+00
9.844099283218383789e-01
9.897899031639099121e-01
1.003745198249816895e+00
1.016085624694824219e+00
9.929093122482299805e-01
1.003754258155822754e+00
9.932613968849182129e-01
9.973310232162475586e-01
9.985327720642089844e-01
9.942341446876525879e-01
1.004591107368469238e+00
9.989135861396789551e-01
1.006884813308715820e+00
9.920156598091125488e-01
1.007366657257080078e+00
1.018748998641967773e+00
1.052657485008239746e+00
9.970029592514038086e-01
1.004353880882263184e+00
9.977690577507019043e-01
9.858477711677551270e-01
9.968483448028564453e-01
9.856403470039367676e-01
1.000379204750061035e+00
9.865400195121765137e-01
9.981330037117004395e-01
1.004603743553161621e+00
9.898235797882080078e-01
9.956888556480407715e-01
1.005087137222290039e+00
1.005800724029541016e+00
9.981405735015869141e-01
9.913368225097656250e-01
9.949803948402404785e-01
9.906746745109558105e-01
9.987681508064270020e-01
1.033884882926940918e+00
9.997473359107971191e-01
9.949798583984375000e-01
9.988830089569091797e-01
9.974349737167358398e-01
1.000317335128784180e+00
9.912655949592590332e-01
9.953672885894775391e-01
9.947466850280761719e-01
9.963991641998291016e-01
9.982137680053710938e-01
1.011921763420104980e+00
9.998068213462829590e-01
9.933606386184692383e-01
9.984158277511596680e-01
9.859144687652587891e-01
1.019607543945312500e+00
9.989033341407775879e-01
9.911115765571594238e-01
9.975125789642333984e-01
9.948709011077880859e-01
9.949149489402770996e-01
1.016595721244812012e+00
9.970474243164062500e-01
9.966381788253784180e-01
9.825509190559387207e-01
9.921168684959411621e-01
1.006954669952392578e+00
9.894701838493347168e-01
9.969756603240966797e-01
1.007115006446838379e+00
1.006337523460388184e+00
1.002334475517272949e+00
9.921655058860778809e-01
1.003630042076110840e+00
9.892007708549499512e-01
1.003085374832153320e+00
9.968618154525756836e-01
9.960567951202392578e-01
9.935272336006164551e-01
1.001825451850891113e+00
9.945892691612243652e-01
1.003768324851989746e+00
1.012125492095947266e+00
9.898754954338073730e-01
9.997186064720153809e-01
9.983525872230529785e-01
9.935600757598876953e-01
1.004371643066406250e+00
9.916869401931762695e-01
1.006978750228881836e+00
9.926751255989074707e-01
9.951269626617431641e-01
9.934684038162231445e-01
9.965009689331054688e-01
9.915345907211303711e-01
1.000951051712036133e+00
9.985879659652709961e-01
9.927264451980590820e-01
9.947068095207214355e-01
9.901567101478576660e-01
9.914568066596984863e-01
9.960847496986389160e-01
1.001822471618652344e+00
1.004523992538452148e+00
1.007694005966186523e+00
9.900872707366943359e-01
9.980483651161193848e-01
1.031497836112976074e+00
9.963074922561645508e-01
9.969614148139953613e-01
9.908289909362792969e-01
9.944853782653808594e-01
9.923583865165710449e-01
1.008679151535034180e+00
9.913201928138732910e-01
9.966854453086853027e-01
9.925486445426940918e-01
1.002832293510437012e+00
9.963951110839843750e-01
1.011031627655029297e+00
9.902626872062683105e-01
1.013789772987365723e+00
9.952006936073303223e-01
9.795600175857543945e-01
9.972278475761413574e-01
9.902444481849670410e-01
9.975907802581787109e-01
1.001129865646362305e+00
9.985317587852478027e-01
1.005288481712341309e+00
1.008191466331481934e+00
9.947881698608398438e-01
1.007007956504821777e+00
9.971525669097900391e-01
9.968850612640380859e-01
1.001629233360290527e+00
9.953957796096801758e-01
1.001412630081176758e+00
9.973745942115783691e-01
1.004476904869079590e+00
1.000344634056091309e+00
9.981751441955566406e-01
9.950516223907470703e-01
9.916298389434814453e-01
9.921576976776123047e-01
9.971646070480346680e-01
9.961348772048950195e-01
9.921170473098754883e-01
9.945033192634582520e-01
1.003244876861572266e+00
1.008779048919677734e+00
9.829175472259521484e-01
9.951340556144714355e-01
1.002758979797363281e+00
9.975461959838867188e-01
1.003563165664672852e+00
1.003719806671142578e+00
9.985920190811157227e-01
1.010702252388000488e+00
9.995208978652954102e-01
9.975544214248657227e-01
9.954476356506347656e-01
1.041780233383178711e+00
9.992130398750305176e-01
9.995411634445190430e-01
9.999864101409912109e-01
9.933372139930725098e-01
9.899531006813049316e-01
1.046327352523803711e+00
1.003786683082580566e+00
1.000896453857421875e+00
9.962020516395568848e-01
1.001409173011779785e+00
1.002178788185119629e+00
1.001412153244018555e+00
1.007008314132690430e+00
1.001374840736389160e+00
1.004809021949768066e+00
9.997929334640502930e-01
9.960205554962158203e-01
9.963950514793395996e-01
9.969878196716308594e-01
1.002522468566894531e+00
9.934768676757812500e-01
9.924736618995666504e-01
9.903458952903747559e-01
9.940716624259948730e-01
9.958295822143554688e-01
9.959602355957031250e-01
1.002496004104614258e+00
9.862730503082275391e-01
9.968128204345703125e-01
1.001997709274291992e+00
1.001897931098937988e+00
9.975684881210327148e-01
1.002177476882934570e+00
1.060536623001098633e+00
1.000363826751708984e+00
9.967481493949890137e-01
1.003475785255432129e+00
1.002280831336975098e+00
9.953680634498596191e-01
1.023475885391235352e+00
9.881511330604553223e-01
1.001688241958618164e+00
1.015896916389465332e+00
9.917561411857604980e-01
9.981078505516052246e-01
1.016082763671875000e+00
9.992508888244628906e-01
9.932601451873779297e-01
1.006210446357727051e+00
9.966230988502502441e-01
9.965097904205322266e-01
1.015834212303161621e+00
9.991042613983154297e-01
9.989128708839416504e-01
9.899965524673461914e-01
1.003806829452514648e+00
1.017933249473571777e+00
9.976637363433837891e-01
9.996800422668457031e-01
1.007310152053833008e+00
9.956836700439453125e-01
9.995420575141906738e-01
9.910742044448852539e-01
9.978005290031433105e-01
9.938504695892333984e-01
1.002226948738098145e+00
9.918890595436096191e-01
1.001387715339660645e+00
9.972552061080932617e-01
9.918211698532104492e-01
1.005148053169250488e+00
1.015168786048889160e+00
9.903919696807861328e-01
9.981313943862915039e-01
9.994827508926391602e-01
9.983473420143127441e-01
1.014171481132507324e+00
9.946468472480773926e-01
1.009984374046325684e+00
9.992529749870300293e-01
9.932560920715332031e-01
9.908801317214965820e-01
1.000833034515380859e+00
9.910381436347961426e-01
1.012932538986206055e+00
1.007409453392028809e+00
9.929559230804443359e-01
