1.017664670944213867e+00
1.036593437194824219e+00
9.921959042549133301e-01
1.010489344596862793e+00
1.016202688217163086e+00
9.883033037185668945e-01
1.010987043380737305e+00
1.023153066635131836e+00
1.030018806457519531e+00
1.006783485412597656e+00
1.002762794494628906e+00
1.000435948371887207e+00
1.005805015563964844e+00
1.016335964202880859e+00
1.012355446815490723e+00
9.920212030410766602e-01
1.007966518402099609e+00
1.012901782989501953e+00
1.008906722068786621e+00
9.903354644775390625e-01
9.868840575218200684e-01
9.842038154602050781e-01
9.895851016044616699e-01
1.008649349212646484e+00
9.936931133270263672e-01
1.001330971717834473e+00
9.836389422416687012e-01
9.887304902076721191e-01
9.950822591781616211e-01
9.891378283500671387e-01
1.018887042999267578e+00
9.731891155242919922e-01
9.840341806411743164e-01
1.002521753311157227e+00
1.028472423553466797e+00
1.010980129241943359e+00
1.002925038337707520e+00
9.956620931625366211e-01
9.765322208404541016e-01
1.013248443603515625e+00
9.909425377845764160e-01
1.043868541717529297e+00
9.827297925949096680e-01
9.726202487945556641e-01
9.959651231765747070e-01
9.854696393013000488e-01
9.823460578918457031e-01
1.000295162200927734e+00
9.708247184753417969e-01
1.001487851142883301e+00
9.950745105743408203e-01
9.760051965713500977e-01
1.001002311706542969e+00
9.815567135810852051e-01
1.002857923507690430e+00
1.030462622642517090e+00
1.026625871658325195e+00
9.711285233497619629e-01
9.948229193687438965e-01
1.010400295257568359e+00
9.970238804817199707e-01
9.915598630905151367e-01
9.984179735183715820e-01
9.834917783737182617e-01
