9.882310032844543457e-01
1.009719848632812500e+00
1.006143450736999512e+00
1.002166152000427246e+00
1.002740025520324707e+00
1.007834434509277344e+00
1.007580995559692383e+00
1.006227970123291016e+00
1.007708430290222168e+00
1.000309109687805176e+00
1.006407260894775391e+00
9.927425384521484375e-01
1.004107713699340820e+00
9.940587878227233887e-01
9.793523550033569336e-01
9.839418530464172363e-01
1.000525712966918945e+00
1.004956722259521484e+00
9.908179640769958496e-01
1.003619670867919922e+00
1.008595228195190430e+00
9.938191175460815430e-01
9.988552927970886230e-01
1.002482652664184570e+00
9.909050464630126953e-01
1.015606880187988281e+00
1.007362246513366699e+00
9.954392313957214355e-01
9.912366271018981934e-01
9.984865784645080566e-01
9.936655759811401367e-01
9.939609766006469727e-01
1.000977635383605957e+00
9.853811860084533691e-01
9.910220503807067871e-01
1.008337497711181641e+00
9.942951202392578125e-01
9.943977594375610352e-01
9.934001564979553223e-01
1.017360568046569824e+00
9.988526701927185059e-01
9.791910052299499512e-01
9.927645921707153320e-01
9.974103569984436035e-01
9.901424050331115723e-01
1.017909646034240723e+00
1.005744338035583496e+00
9.935423731803894043e-01
1.009731888771057129e+00
1.000762820243835449e+00
1.004990935325622559e+00
1.009381890296936035e+00
1.010771632194519043e+00
9.954618811607360840e-01
9.996491074562072754e-01
1.001357197761535645e+00
9.762352108955383301e-01
1.007792592048645020e+00
1.005307555198669434e+00
9.965832233428955078e-01
1.017671823501586914e+00
1.005510568618774414e+00
1.004776239395141602e+00
1.002664089202880859e+00
