5.524615049362182617e-01
5.382761955261230469e-01
-4.255921542644500732e-01
-8.412226289510726929e-02
-3.195388913154602051e-01
7.891847193241119385e-02
3.436042070388793945e-01
1.648025661706924438e-01
2.298898696899414062e-01
3.975727856159210205e-01
-1.249204948544502258e-01
-4.385808110237121582e-01
7.088957726955413818e-02
-4.911654815077781677e-02
-5.624712109565734863e-01
4.591166973114013672e-01
-1.497671604156494141e-01
4.445480108261108398e-01
-5.009877681732177734e-01
-4.476042091846466064e-01
2.148124575614929199e-01
4.167053103446960449e-01
-5.581350922584533691e-01
-2.548348605632781982e-01
-2.956777215003967285e-01
2.102845534682273865e-02
1.763020306825637817e-01
-4.369958639144897461e-01
-1.965915411710739136e-01
4.932679235935211182e-01
-4.250400066375732422e-01
-2.818697392940521240e-01
-1.976655274629592896e-01
-3.608665168285369873e-01
-1.223110333085060120e-01
-7.004756480455398560e-02
1.607016623020172119e-01
5.607398748397827148e-01
2.879271842539310455e-02
1.084427908062934875e-01
4.990738928318023682e-01
-2.731033563613891602e-01
4.075110554695129395e-01
2.701137959957122803e-01
-1.824925839900970459e-01
-1.107298135757446289e-01
-2.892588078975677490e-01
5.337857604026794434e-01
3.901786506175994873e-01
1.890722960233688354e-01
1.078225895762443542e-01
-1.857930123805999756e-01
-4.551615715026855469e-01
4.705639779567718506e-01
5.710754990577697754e-01
-1.050194948911666870e-01
-3.500477671623229980e-01
4.422152787446975708e-02
-1.730242669582366943e-01
-7.149714231491088867e-02
5.564373731613159180e-01
-1.869078278541564941e-01
1.582055091857910156e-01
3.883409127593040466e-02
