6.852504797279834747e-03
-1.213981886394321918e-03
8.333445875905454159e-04
1.598496572114527225e-03
-1.057848567143082619e-03
-1.303437864407896996e-03
8.879299275577068329e-03
4.322460852563381195e-03
4.954996984452009201e-03
2.202871954068541527e-03
5.245654378086328506e-03
-4.626399022527039051e-04
1.283688470721244812e-03
8.137762546539306641e-03
1.067138073267415166e-04
4.876609425991773605e-03
-5.947827361524105072e-03
3.011107211932539940e-03
-7.117095403373241425e-03
4.302201326936483383e-03
1.294756028801202774e-02
2.279301872476935387e-03
3.207167144864797592e-03
1.058687106706202030e-03
2.781403483822941780e-03
4.019782878458499908e-03
6.176877766847610474e-03
3.031066153198480606e-03
4.797969944775104523e-03
4.374306648969650269e-03
3.527520690113306046e-03
8.634430356323719025e-03
4.233070183545351028e-03
1.958192326128482819e-03
6.398057099431753159e-03
9.851861745119094849e-03
3.108032746240496635e-03
1.008562371134757996e-02
9.522667154669761658e-03
-1.903881551697850227e-03
6.240477785468101501e-03
3.798538818955421448e-03
1.231744978576898575e-02
1.152115175500512123e-03
6.153494585305452347e-03
5.713853170163929462e-04
4.512696061283349991e-03
4.892097786068916321e-03
7.160029374063014984e-03
9.034703485667705536e-03
1.645015366375446320e-02
2.745622768998146057e-03
1.016173977404832840e-02
1.163443434052169323e-03
4.244704730808734894e-03
-7.895317976363003254e-04
1.845797407440841198e-03
7.079620845615863800e-03
5.851439200341701508e-03
8.714311756193637848e-03
7.903436198830604553e-03
-6.929459050297737122e-04
-3.391724079847335815e-03
2.123537240549921989e-03
4.605331458151340485e-03
9.258626378141343594e-04
5.284574348479509354e-03
3.074043896049261093e-03
-3.330326173454523087e-03
1.567087951116263866e-03
2.685004612430930138e-03
-4.047370457556098700e-04
3.493768163025379181e-03
7.686543278396129608e-03
4.409492481499910355e-03
8.007063530385494232e-03
1.768723712302744389e-03
-9.233208838850259781e-04
-1.392050646245479584e-03
2.136463532224297523e-03
-2.115489041898399591e-04
1.045408751815557480e-02
3.770571667701005936e-03
-2.947317436337471008e-03
4.578066524118185043e-03
3.484524320811033249e-03
-7.709287572652101517e-03
3.966891672462224960e-03
6.220137234777212143e-03
4.875323269516229630e-03
1.544790342450141907e-02
6.632197182625532150e-03
7.335079833865165710e-03
1.017926167696714401e-02
2.669715788215398788e-03
6.969084963202476501e-03
1.928310841321945190e-03
3.439629217609763145e-04
-2.511538797989487648e-03
3.802271094173192978e-03
4.161043558269739151e-03
1.795334275811910629e-03
2.525629475712776184e-03
7.117379573173820972e-04
2.212358638644218445e-03
2.379075158387422562e-03
5.006229039281606674e-04
2.271662699058651924e-03
3.422267967835068703e-03
1.530926208943128586e-02
8.769148029386997223e-03
6.031384225934743881e-03
4.477770533412694931e-03
2.156565664336085320e-03
8.564988151192665100e-03
2.596131293103098869e-03
-5.088358302600681782e-04
5.020568612962961197e-03
2.600828651338815689e-03
-5.294376169331371784e-04
5.808829329907894135e-03
2.665498992428183556e-03
6.751728244125843048e-03
-7.840627804398536682e-04
8.053265511989593506e-03
6.749461404979228973e-03
4.788467660546302795e-03
5.602861754596233368e-03
