1.188235282897949219e-01
2.204607874155044556e-01
7.622481137514114380e-02
1.283403933048248291e-01
9.719663858413696289e-02
2.129686176776885986e-01
1.728803515434265137e-01
1.873220354318618774e-01
3.432792127132415771e-01
1.727992892265319824e-01
1.774387210607528687e-01
1.327855736017227173e-01
2.156451046466827393e-01
1.406832933425903320e-01
1.316813379526138306e-01
1.654638797044754028e-01
1.286150962114334106e-01
2.212285995483398438e-01
9.102611988782882690e-02
3.036786615848541260e-01
8.355744928121566772e-02
7.589148730039596558e-02
1.141420304775238037e-01
2.319774180650711060e-01
9.507218748331069946e-02
8.815365284681320190e-02
8.731096982955932617e-02
6.979160755872726440e-02
1.366775482892990112e-01
2.355964481830596924e-01
1.276911795139312744e-01
3.060011565685272217e-01
2.311269640922546387e-01
4.944252222776412964e-02
9.641708433628082275e-02
7.189045846462249756e-02
2.015124410390853882e-01
1.844048202037811279e-01
2.273028939962387085e-01
1.105415448546409607e-01
1.684692353010177612e-01
7.001857459545135498e-02
2.583787143230438232e-01
1.155813932418823242e-01
2.535635530948638916e-01
1.498509049415588379e-01
2.608502507209777832e-01
2.267531752586364746e-01
1.068016141653060913e-01
1.072999536991119385e-01
1.144469454884529114e-01
1.059931367635726929e-01
3.555739223957061768e-01
1.455046981573104858e-01
7.144472002983093262e-02
1.542178243398666382e-01
1.907812207937240601e-01
6.854321062564849854e-02
6.276667863130569458e-02
3.142383396625518799e-01
8.113330602645874023e-02
3.313289880752563477e-01
3.238877654075622559e-01
2.412947565317153931e-01
1.746585965156555176e-01
9.176103770732879639e-02
1.913401931524276733e-01
4.090458452701568604e-01
1.136441826820373535e-01
1.367246359586715698e-01
1.166300401091575623e-01
1.018750518560409546e-01
1.705643087625503540e-01
1.005045026540756226e-01
2.963732779026031494e-01
3.046513497829437256e-01
4.547117352485656738e-01
1.376468986272811890e-01
2.398805171251296997e-01
2.316456586122512817e-01
8.970034122467041016e-02
1.709750145673751831e-01
2.395584136247634888e-01
2.924758195877075195e-01
4.563332498073577881e-01
1.043175831437110901e-01
3.623513877391815186e-01
1.369332075119018555e-01
1.047194004058837891e-01
6.188192591071128845e-02
9.583832323551177979e-02
2.461846470832824707e-01
2.197020649909973145e-01
1.134499385952949524e-01
4.197837039828300476e-02
2.111335247755050659e-01
8.800152689218521118e-02
1.205593049526214600e-01
1.150897517800331116e-01
2.057210355997085571e-01
1.374222040176391602e-01
1.830309182405471802e-01
2.264623492956161499e-01
1.661455631256103516e-01
1.992337256669998169e-01
1.740605086088180542e-01
8.765783905982971191e-02
1.258386969566345215e-01
1.048700213432312012e-01
1.552278995513916016e-01
1.955998092889785767e-01
2.106308043003082275e-01
2.047831714153289795e-01
1.632590293884277344e-01
1.141336560249328613e-01
1.469977647066116333e-01
8.867933601140975952e-02
1.513937413692474365e-01
1.804178804159164429e-01
1.342352330684661865e-01
1.421618610620498657e-01
1.312106549739837646e-01
2.902429997920989990e-01
2.416662424802780151e-01
8.952241390943527222e-02
1.277554780244827271e-01
1.271009296178817749e-01
3.483091294765472412e-01
