1.656957864761352539e-01
1.011659055948257446e-01
1.229371875524520874e-01
1.739679723978042603e-01
8.552682399749755859e-02
1.951041370630264282e-01
1.211612820625305176e-01
1.605077087879180908e-01
1.466208994388580322e-01
1.117626279592514038e-01
8.507122099399566650e-02
1.541124731302261353e-01
2.210388183593750000e-01
9.141343086957931519e-02
8.373480290174484253e-02
7.344366610050201416e-02
1.181600615382194519e-01
1.622336208820343018e-01
2.185460776090621948e-01
1.611673086881637573e-01
6.877204775810241699e-02
4.357917010784149170e-01
1.030016914010047913e-01
1.005930528044700623e-01
6.746960431337356567e-02
9.707288444042205811e-02
3.684375286102294922e-01
6.215549632906913757e-02
1.144776195287704468e-01
1.098129972815513611e-01
1.834377944469451904e-01
1.931158900260925293e-01
1.529913246631622314e-01
1.502125114202499390e-01
6.575926393270492554e-02
1.358979940414428711e-01
1.393358856439590454e-01
1.410801112651824951e-01
2.784187197685241699e-01
1.703982800245285034e-01
1.029614731669425964e-01
5.504313856363296509e-02
2.196715921163558960e-01
5.383307114243507385e-02
2.047741264104843140e-01
2.207647413015365601e-01
1.043120771646499634e-01
8.909064531326293945e-02
6.386170536279678345e-02
1.170240342617034912e-01
1.345878243446350098e-01
3.618465960025787354e-01
6.132302433252334595e-02
1.055483147501945496e-01
4.450819268822669983e-02
1.099013388156890869e-01
6.250587850809097290e-02
1.325527280569076538e-01
1.977726221084594727e-01
1.423913389444351196e-01
1.266339868307113647e-01
1.021559461951255798e-01
6.276062130928039551e-02
1.097282469272613525e-01
7.449518889188766479e-02
1.212314814329147339e-01
9.029292315244674683e-02
1.044457703828811646e-01
6.527733057737350464e-02
1.223005726933479309e-01
1.243910938501358032e-01
1.169065386056900024e-01
9.891691803932189941e-02
9.078650921583175659e-02
1.082886680960655212e-01
4.438082501292228699e-02
2.602422237396240234e-01
1.132170706987380981e-01
6.824313104152679443e-02
1.574017256498336792e-01
1.184713095426559448e-01
2.124540954828262329e-01
1.416168659925460815e-01
1.560253351926803589e-01
1.414145380258560181e-01
8.770960569381713867e-02
3.535217344760894775e-01
1.576106399297714233e-01
8.345751464366912842e-02
1.234798207879066467e-01
8.474466949701309204e-02
7.094158977270126343e-02
8.556541055440902710e-02
3.414367139339447021e-01
4.501731097698211670e-01
1.617401540279388428e-01
6.968095898628234863e-02
1.155302599072456360e-01
9.439418464899063110e-02
8.349347114562988281e-02
3.023525178432464600e-01
3.449707925319671631e-01
3.774127662181854248e-01
1.114600077271461487e-01
6.544748693704605103e-02
6.905704736709594727e-02
1.020534932613372803e-01
8.842275291681289673e-02
9.062043577432632446e-02
9.232448041439056396e-02
1.180640906095504761e-01
5.904480218887329102e-01
9.961662441492080688e-02
9.145485609769821167e-02
2.428361475467681885e-01
1.993601769208908081e-01
2.413778752088546753e-01
6.663031131029129028e-02
2.506265938282012939e-01
1.050286963582038879e-01
2.105470895767211914e-01
1.221705004572868347e-01
9.235886484384536743e-02
1.830381453037261963e-01
2.148447483777999878e-01
2.364762723445892334e-01
9.337188303470611572e-02
6.992194056510925293e-02
1.601281464099884033e-01
1.252250820398330688e-01
8.201284706592559814e-02
7.210864126682281494e-02
9.573099762201309204e-02
1.510730385780334473e-01
1.415325701236724854e-01
9.432552009820938110e-02
1.059728264808654785e-01
7.070988416671752930e-02
6.993211060762405396e-02
1.941484212875366211e-01
1.307797282934188843e-01
2.010887116193771362e-01
1.394837647676467896e-01
6.926405429840087891e-02
1.066777706146240234e-01
1.672103106975555420e-01
2.600623369216918945e-01
8.724854141473770142e-02
1.248355209827423096e-01
4.361350834369659424e-02
2.008809000253677368e-01
4.692791029810905457e-02
1.174115166068077087e-01
1.161043420433998108e-01
1.217374205589294434e-01
1.048887670040130615e-01
4.129388183355331421e-02
6.061295792460441589e-02
1.286487877368927002e-01
9.272830188274383545e-02
8.449416607618331909e-02
9.369171410799026489e-02
1.605139225721359253e-01
1.442522704601287842e-01
7.541754096746444702e-02
7.076303660869598389e-02
1.406220346689224243e-01
3.305794894695281982e-01
1.397538632154464722e-01
1.102803722023963928e-01
1.017883270978927612e-01
1.704988181591033936e-01
1.066333726048469543e-01
4.841140657663345337e-02
7.576952874660491943e-02
2.194540947675704956e-01
9.687754511833190918e-02
1.370443403720855713e-01
1.709033995866775513e-01
1.650755256414413452e-01
8.208172023296356201e-02
1.062511131167411804e-01
9.973761439323425293e-02
6.694274395704269409e-02
1.000377833843231201e-01
2.237155884504318237e-01
7.414256036281585693e-02
9.285626560449600220e-02
2.659369111061096191e-01
3.653050586581230164e-02
6.284441798925399780e-02
1.624656766653060913e-01
1.011992841958999634e-01
2.187126278877258301e-01
1.620044559240341187e-01
1.342681497335433960e-01
5.885775387287139893e-02
1.390205472707748413e-01
1.750289797782897949e-01
1.004707217216491699e-01
1.646413803100585938e-01
1.062030941247940063e-01
1.849184334278106689e-01
9.572531282901763916e-02
6.968988478183746338e-02
1.355932354927062988e-01
1.437495648860931396e-01
1.953806132078170776e-01
7.230197638273239136e-02
2.127075642347335815e-01
1.828351616859436035e-01
8.494583517313003540e-02
1.714903861284255981e-01
1.013784483075141907e-01
1.888713389635086060e-01
1.563899815082550049e-01
8.960364758968353271e-02
2.045996040105819702e-01
1.776022464036941528e-01
1.833861321210861206e-01
1.201786696910858154e-01
7.288372516632080078e-02
6.395525485277175903e-02
1.517232358455657959e-01
1.062113642692565918e-01
1.206151172518730164e-01
1.646740287542343140e-01
8.185771107673645020e-02
1.449254602193832397e-01
1.746269911527633667e-01
4.373637214303016663e-02
3.927900642156600952e-02
6.380098313093185425e-02
2.915541529655456543e-01
2.107675820589065552e-01
2.204435914754867554e-01
7.828477770090103149e-02
6.878795474767684937e-02
2.224873602390289307e-01
1.071338728070259094e-01
1.480208784341812134e-01
4.050001502037048340e-01
1.019280925393104553e-01
1.264244019985198975e-01
1.218561455607414246e-01
8.356926590204238892e-02
1.328315138816833496e-01
1.662329435348510742e-01
1.488972902297973633e-01
1.059674173593521118e-01
1.183075532317161560e-01
9.901006519794464111e-02
1.621019691228866577e-01
1.727467179298400879e-01
2.186480313539505005e-01
8.036190271377563477e-02
1.079783067107200623e-01
1.709255427122116089e-01
5.293167009949684143e-02
1.828229278326034546e-01
8.326157927513122559e-02
1.665098369121551514e-01
1.194159984588623047e-01
7.138010859489440918e-02
1.135938391089439392e-01
1.493563503026962280e-01
1.164153516292572021e-01
2.416117340326309204e-01
6.685423105955123901e-02
8.358215540647506714e-02
1.298648118972778320e-01
8.440551161766052246e-02
7.378698885440826416e-02
1.173884123563766479e-01
9.154087305068969727e-02
1.603663563728332520e-01
1.515559107065200806e-01
7.272599637508392334e-02
2.411440163850784302e-01
2.894112765789031982e-01
2.873540818691253662e-01
1.340828388929367065e-01
1.467714309692382812e-01
1.394667476415634155e-01
1.012583598494529724e-01
7.423987984657287598e-02
2.176554948091506958e-01
1.074103936553001404e-01
1.114887222647666931e-01
5.833533778786659241e-02
6.191752105951309204e-02
1.252942830324172974e-01
1.129841208457946777e-01
1.018630862236022949e-01
1.249260231852531433e-01
8.030107617378234863e-02
8.153697848320007324e-02
6.933464109897613525e-02
9.354840964078903198e-02
1.641442030668258667e-01
6.610797345638275146e-02
7.172976434230804443e-02
2.037391811609268188e-01
1.847509741783142090e-01
1.017125621438026428e-01
1.200533583760261536e-01
7.578968256711959839e-02
1.539632827043533325e-01
1.505073308944702148e-01
7.509897649288177490e-02
7.992433011531829834e-02
1.682959496974945068e-01
6.326438486576080322e-02
1.188512220978736877e-01
1.951073557138442993e-01
4.915066063404083252e-02
1.408213824033737183e-01
1.068841069936752319e-01
2.320390045642852783e-01
1.097099110484123230e-01
4.237789809703826904e-01
6.231509521603584290e-02
1.974396705627441406e-01
3.179163336753845215e-01
1.652093827724456787e-01
1.489628404378890991e-01
6.799259781837463379e-02
9.516169130802154541e-02
1.122028455138206482e-01
1.768371760845184326e-01
6.220550462603569031e-02
6.441669911146163940e-02
8.706302940845489502e-02
1.307007223367691040e-01
1.286773383617401123e-01
1.562746614217758179e-01
8.387097716331481934e-02
1.122643724083900452e-01
9.190582484006881714e-02
9.468197822570800781e-02
6.817017495632171631e-02
1.601162254810333252e-01
1.502555459737777710e-01
5.210467055439949036e-02
1.136785149574279785e-01
1.054525673389434814e-01
7.055397331714630127e-02
1.316814422607421875e-01
1.468729674816131592e-01
2.924672663211822510e-01
4.727934300899505615e-02
1.305949687957763672e-01
1.590672433376312256e-01
1.503040641546249390e-01
1.143582612276077271e-01
2.005154192447662354e-01
1.279200017452239990e-01
9.763967990875244141e-02
9.611804038286209106e-02
6.163673475384712219e-02
6.434217840433120728e-02
5.917045846581459045e-02
1.195102855563163757e-01
1.338806301355361938e-01
8.366074413061141968e-02
9.006895869970321655e-02
6.716094166040420532e-02
8.343232423067092896e-02
1.239435076713562012e-01
6.292342394590377808e-02
2.394114583730697632e-01
1.251432895660400391e-01
1.726540178060531616e-01
1.459944248199462891e-01
6.140781566500663757e-02
7.758482545614242554e-02
1.443671584129333496e-01
7.807253301143646240e-02
1.451932042837142944e-01
1.489320695400238037e-01
7.090563327074050903e-02
1.886573433876037598e-01
7.314502447843551636e-02
1.007147878408432007e-01
2.028226852416992188e-01
8.328756690025329590e-02
1.324806511402130127e-01
1.323302388191223145e-01
1.579053103923797607e-01
1.254152059555053711e-01
1.435817331075668335e-01
1.029287576675415039e-01
1.072824075818061829e-01
2.862379252910614014e-01
5.812429264187812805e-02
6.853275746107101440e-02
1.453524976968765259e-01
5.462513118982315063e-02
1.558378487825393677e-01
1.351981908082962036e-01
2.432253956794738770e-01
8.228237926959991455e-02
1.027511432766914368e-01
1.220725327730178833e-01
2.400687485933303833e-01
6.080095842480659485e-02
5.245258659124374390e-02
1.508279293775558472e-01
1.022044047713279724e-01
1.549040228128433228e-01
1.328384727239608765e-01
1.031001508235931396e-01
5.315484479069709778e-02
5.827079340815544128e-02
1.383648812770843506e-01
9.342148154973983765e-02
9.707345068454742432e-02
1.520659327507019043e-01
6.632144749164581299e-02
3.369884788990020752e-01
1.168700456619262695e-01
2.385601103305816650e-01
1.557375639677047729e-01
6.659845262765884399e-02
9.312158823013305664e-02
2.950622439384460449e-01
9.144640713930130005e-02
2.244756221771240234e-01
1.660801172256469727e-01
7.289979606866836548e-02
1.135093867778778076e-01
1.987136304378509521e-01
2.029380947351455688e-01
1.036051437258720398e-01
9.636747092008590698e-02
7.109455764293670654e-02
1.302153617143630981e-01
1.227336525917053223e-01
1.014084294438362122e-01
5.717595666646957397e-02
1.410823613405227661e-01
8.560397475957870483e-02
5.703762173652648926e-02
1.099273338913917542e-01
7.991145551204681396e-02
8.059098571538925171e-02
1.227317601442337036e-01
9.767737984657287598e-02
1.193264648318290710e-01
2.621014714241027832e-01
6.933201104402542114e-02
6.929561495780944824e-02
4.526117071509361267e-02
2.881599962711334229e-01
7.453251630067825317e-02
1.350251138210296631e-01
5.364829301834106445e-02
1.502889692783355713e-01
1.290239244699478149e-01
1.736588925123214722e-01
7.798422127962112427e-02
6.322778016328811646e-02
8.248755335807800293e-02
1.125881150364875793e-01
1.645118147134780884e-01
1.715978235006332397e-01
1.056077629327774048e-01
1.059861779212951660e-01
1.323556452989578247e-01
9.121771156787872314e-02
9.396538138389587402e-02
8.777578920125961304e-02
1.049955040216445923e-01
9.317856281995773315e-02
1.251305788755416870e-01
1.826256215572357178e-01
7.490491122007369995e-02
1.547556966543197632e-01
8.978553116321563721e-02
1.522670537233352661e-01
8.291191607713699341e-02
1.109608039259910583e-01
1.382277905941009521e-01
1.996413767337799072e-01
1.026907488703727722e-01
1.661892086267471313e-01
1.485920250415802002e-01
1.168879792094230652e-01
1.104589626193046570e-01
4.955238103866577148e-02
1.480596214532852173e-01
1.335684061050415039e-01
2.109281867742538452e-01
4.970307648181915283e-02
1.986666619777679443e-01
2.230615615844726562e-01
1.290345937013626099e-01
6.433425098657608032e-02
2.322719842195510864e-01
7.579446583986282349e-02
9.310902655124664307e-02
1.463147401809692383e-01
1.843218058347702026e-01
1.538146138191223145e-01
3.409086763858795166e-01
1.602690517902374268e-01
1.352869570255279541e-01
1.394399404525756836e-01
1.545343697071075439e-01
7.367632538080215454e-02
4.997435212135314941e-02
1.533532142639160156e-01
1.378661245107650757e-01
2.769517004489898682e-01
5.061545968055725098e-02
2.680430114269256592e-01
6.574291735887527466e-02
5.766846239566802979e-02
8.415581285953521729e-02
1.024374738335609436e-01
1.432425230741500854e-01
1.397761702537536621e-01
3.223042488098144531e-01
7.755615562200546265e-02
2.485042810440063477e-01
1.038317382335662842e-01
3.321765735745429993e-02
5.513342618942260742e-01
1.967158913612365723e-01
1.418424993753433228e-01
1.437991559505462646e-01
8.926952630281448364e-02
8.341751247644424438e-02
1.691316068172454834e-01
6.347327679395675659e-02
1.629944294691085815e-01
1.284027993679046631e-01
9.667733311653137207e-02
7.153663784265518188e-02
9.662549197673797607e-02
7.903105765581130981e-02
2.708738446235656738e-01
1.253316998481750488e-01
2.168160527944564819e-01
1.839819252490997314e-01
6.574051082134246826e-02
1.402366161346435547e-01
8.600822836160659790e-02
9.398746490478515625e-02
1.577489227056503296e-01
1.027694419026374817e-01
3.242696523666381836e-01
7.633990794420242310e-02
1.712631732225418091e-01
6.243564933538436890e-02
8.099524676799774170e-02
8.836138993501663208e-02
6.441186368465423584e-02
1.921409666538238525e-01
2.557189762592315674e-01
1.272267550230026245e-01
2.072848528623580933e-01
7.830077409744262695e-02
1.162655577063560486e-01
6.574507802724838257e-02
1.622743159532546997e-01
5.750107765197753906e-01
1.548523753881454468e-01
7.190066576004028320e-02
1.327150613069534302e-01
7.594510167837142944e-02
8.809438347816467285e-02
1.407202035188674927e-01
6.615310162305831909e-02
1.178354993462562561e-01
1.105871424078941345e-01
2.834795713424682617e-01
1.351088583469390869e-01
9.235825389623641968e-02
9.415216743946075439e-02
9.151726216077804565e-02
3.723620623350143433e-02
1.209117919206619263e-01
1.491003185510635376e-01
7.505421340465545654e-02
2.274154722690582275e-01
4.740917682647705078e-02
2.593080997467041016e-01
9.306795150041580200e-02
1.673021465539932251e-01
3.842851892113685608e-02
8.794227242469787598e-02
1.878748536109924316e-01
3.455575183033943176e-02
1.177533045411109924e-01
8.200628310441970825e-02
1.502727717161178589e-01
1.357120722532272339e-01
1.360882073640823364e-01
9.131719172000885010e-02
9.353363513946533203e-02
2.309562712907791138e-01
1.008882373571395874e-01
1.185533329844474792e-01
1.720657348632812500e-01
3.190390765666961670e-01
8.649098873138427734e-02
1.125652715563774109e-01
1.339278817176818848e-01
7.647920399904251099e-02
7.938179373741149902e-02
1.278927773237228394e-01
1.199349835515022278e-01
1.307728439569473267e-01
1.171569153666496277e-01
8.383243530988693237e-02
1.073873415589332581e-01
6.241508945822715759e-02
1.087232232093811035e-01
9.262786060571670532e-02
1.574277281761169434e-01
1.435087472200393677e-01
7.750075310468673706e-02
1.891989111900329590e-01
1.194045320153236389e-01
4.756153374910354614e-02
8.185813575983047485e-02
7.156985253095626831e-02
3.367447853088378906e-01
1.494393050670623779e-01
1.150327920913696289e-01
9.714310616254806519e-02
8.659461885690689087e-02
5.958002805709838867e-02
1.166021302342414856e-01
1.778997480869293213e-01
1.056362614035606384e-01
5.952319502830505371e-02
7.647562026977539062e-02
7.729302346706390381e-02
2.143911272287368774e-01
7.623869180679321289e-02
8.862953633069992065e-02
6.224138289690017700e-02
6.111292541027069092e-02
1.335051357746124268e-01
7.009672373533248901e-02
1.028844788670539856e-01
8.323831856250762939e-02
1.585189253091812134e-01
1.694499403238296509e-01
1.017026081681251526e-01
1.212086006999015808e-01
1.159264743328094482e-01
1.255847811698913574e-01
8.780547976493835449e-02
1.611893028020858765e-01
1.244375109672546387e-01
1.606916785240173340e-01
4.134580492973327637e-02
4.648186638951301575e-02
1.116322129964828491e-01
6.909091025590896606e-02
5.368591472506523132e-02
6.058981642127037048e-02
1.387173533439636230e-01
1.084254831075668335e-01
1.553371995687484741e-01
1.122473329305648804e-01
8.444045484066009521e-02
7.402285188436508179e-02
2.553867399692535400e-01
1.654491275548934937e-01
2.456462234258651733e-01
2.821666300296783447e-01
1.018419116735458374e-01
1.004333272576332092e-01
1.025423854589462280e-01
1.091694906353950500e-01
3.210135400295257568e-01
5.760937929153442383e-01
2.471360266208648682e-01
1.609297096729278564e-01
1.869208514690399170e-01
1.124108061194419861e-01
6.024445220828056335e-02
2.326870113611221313e-01
1.992780864238739014e-01
1.755499988794326782e-01
2.364874929189682007e-01
1.126187369227409363e-01
1.847795397043228149e-01
1.398146748542785645e-01
1.068965867161750793e-01
6.841497123241424561e-02
7.648573815822601318e-02
1.001372113823890686e-01
8.194003999233245850e-02
9.266429394483566284e-02
1.585487276315689087e-01
1.645753532648086548e-01
9.248951822519302368e-02
1.293382197618484497e-01
1.658024638891220093e-01
1.179300472140312195e-01
8.726267516613006592e-02
4.805412888526916504e-02
1.691276431083679199e-01
1.354407370090484619e-01
7.592926174402236938e-02
8.597651124000549316e-02
2.782806456089019775e-01
1.007608845829963684e-01
2.563854157924652100e-01
1.366605609655380249e-01
1.294446140527725220e-01
4.052962660789489746e-01
1.477397978305816650e-01
4.421206414699554443e-01
9.855149686336517334e-02
1.621722280979156494e-01
3.617989718914031982e-01
7.059322297573089600e-02
2.059407383203506470e-01
2.220278233289718628e-01
6.838088482618331909e-02
6.731762737035751343e-02
9.236925095319747925e-02
8.432758599519729614e-02
2.786441445350646973e-01
6.847424060106277466e-02
1.661203205585479736e-01
1.559546589851379395e-01
7.197082042694091797e-02
3.379330933094024658e-01
9.687588363885879517e-02
1.224659010767936707e-01
5.261791497468948364e-02
6.814094632863998413e-02
2.378254085779190063e-01
7.271951436996459961e-02
1.297006160020828247e-01
7.652254402637481689e-02
7.050762325525283813e-02
1.817240715026855469e-01
2.138175964355468750e-01
4.835931211709976196e-02
1.638254374265670776e-01
1.064974442124366760e-01
1.443831771612167358e-01
1.330979615449905396e-01
6.558316946029663086e-02
1.145362108945846558e-01
3.943368196487426758e-01
1.767924576997756958e-01
1.165122911334037781e-01
3.827984333038330078e-01
8.900696039199829102e-02
1.187551170587539673e-01
1.226624995470046997e-01
1.104313880205154419e-01
7.881788909435272217e-02
6.182401999831199646e-02
1.528030186891555786e-01
1.119712814688682556e-01
6.571400165557861328e-02
1.063371524214744568e-01
1.197489649057388306e-01
1.675773113965988159e-01
1.020098328590393066e-01
1.022837236523628235e-01
6.902154535055160522e-02
2.020762264728546143e-01
1.544080525636672974e-01
8.638789504766464233e-02
9.958312660455703735e-02
7.606311142444610596e-02
2.716759145259857178e-01
1.844217777252197266e-01
1.160426661372184753e-01
1.455565392971038818e-01
8.620307594537734985e-02
1.120019406080245972e-01
4.963123053312301636e-02
5.222630873322486877e-02
1.328326016664505005e-01
8.418599516153335571e-02
1.184204444289207458e-01
1.483808159828186035e-01
8.785047382116317749e-02
7.221267372369766235e-02
2.265135645866394043e-01
7.796709984540939331e-02
1.481868326663970947e-01
2.253062874078750610e-01
2.147852927446365356e-01
1.555445194244384766e-01
8.547396957874298096e-02
1.009980589151382446e-01
5.594292655587196350e-02
9.191113710403442383e-02
2.207944691181182861e-01
1.071444451808929443e-01
9.676263481378555298e-02
1.340938061475753784e-01
5.826243013143539429e-02
7.532714307308197021e-02
1.022538468241691589e-01
3.776820003986358643e-02
1.177653521299362183e-01
5.568036809563636780e-02
2.011583745479583740e-01
8.104858547449111938e-02
1.140311285853385925e-01
9.578935801982879639e-02
1.328331828117370605e-01
3.158871233463287354e-01
1.026383340358734131e-01
1.535250693559646606e-01
5.674231052398681641e-01
8.872543275356292725e-02
1.042909771203994751e-01
1.582132279872894287e-01
1.101259887218475342e-01
1.241954639554023743e-01
9.989301115274429321e-02
9.173203259706497192e-02
1.752957254648208618e-01
1.026875898241996765e-01
5.536252632737159729e-02
1.158097460865974426e-01
1.501647680997848511e-01
2.010131776332855225e-01
1.106208041310310364e-01
1.904132813215255737e-01
1.415429711341857910e-01
2.176226526498794556e-01
2.294147014617919922e-01
1.383798420429229736e-01
1.302686482667922974e-01
4.965898394584655762e-02
1.370458006858825684e-01
1.115128919482231140e-01
1.000913828611373901e-01
4.723084717988967896e-02
1.436438113451004028e-01
1.175245866179466248e-01
1.792292892932891846e-01
3.731557428836822510e-01
1.000611335039138794e-01
1.035930141806602478e-01
1.126343905925750732e-01
1.314987689256668091e-01
1.472447365522384644e-01
1.137390583753585815e-01
8.308444172143936157e-02
2.811318635940551758e-01
7.541571557521820068e-02
1.140761524438858032e-01
7.527687400579452515e-02
6.903225183486938477e-02
1.207043156027793884e-01
2.582277059555053711e-01
4.850451648235321045e-02
1.278982907533645630e-01
1.119291633367538452e-01
9.880615770816802979e-02
1.420194804668426514e-01
1.185914203524589539e-01
1.059084013104438782e-01
2.539377212524414062e-01
7.281838357448577881e-02
7.509127259254455566e-02
2.065608650445938110e-01
3.682163357734680176e-01
7.316263020038604736e-02
1.850273609161376953e-01
2.038280963897705078e-01
1.439400911331176758e-01
2.898829579353332520e-01
6.863846629858016968e-02
1.648889034986495972e-01
2.035769224166870117e-01
9.067521244287490845e-02
1.169844716787338257e-01
1.588765680789947510e-01
7.295975834131240845e-02
1.723136454820632935e-01
1.285750716924667358e-01
1.431823968887329102e-01
1.497495323419570923e-01
1.648892164230346680e-01
8.788362145423889160e-02
8.858279138803482056e-02
1.148644238710403442e-01
1.020551845431327820e-01
1.268308013677597046e-01
1.015070825815200806e-01
8.353829383850097656e-02
1.028083786368370056e-01
1.041681990027427673e-01
8.970305323600769043e-02
4.909173399209976196e-02
1.533456891775131226e-01
1.657763123512268066e-01
1.962633877992630005e-01
1.633007079362869263e-01
7.738423347473144531e-02
7.272320240736007690e-02
1.690682470798492432e-01
2.516121566295623779e-01
4.565114155411720276e-02
8.103132247924804688e-02
2.243634313344955444e-01
1.651817411184310913e-01
7.587771117687225342e-02
1.217728704214096069e-01
2.646395862102508545e-01
1.014427244663238525e-01
1.496212035417556763e-01
8.639039844274520874e-02
1.112925484776496887e-01
8.920971304178237915e-02
1.580666452646255493e-01
7.761105149984359741e-02
1.191828772425651550e-01
1.174807325005531311e-01
8.462714403867721558e-02
1.033571213483810425e-01
2.459654957056045532e-01
1.124649792909622192e-01
3.785388171672821045e-02
1.057706400752067566e-01
2.744955122470855713e-01
1.084429472684860229e-01
1.684256494045257568e-01
1.503197848796844482e-01
1.498087644577026367e-01
6.583523750305175781e-02
8.845761418342590332e-02
1.496557146310806274e-01
8.055504411458969116e-02
1.330033391714096069e-01
1.077425926923751831e-01
6.463392078876495361e-02
1.342800557613372803e-01
9.099264442920684814e-02
1.470793485641479492e-01
7.593892514705657959e-02
1.875700801610946655e-01
3.148069977760314941e-01
9.578011929988861084e-02
1.596459746360778809e-01
1.809048056602478027e-01
7.291518896818161011e-02
2.173718214035034180e-01
1.400870382785797119e-01
7.493427395820617676e-02
1.081473529338836670e-01
3.126963078975677490e-01
1.390855461359024048e-01
1.321937441825866699e-01
1.494241803884506226e-01
2.343718260526657104e-01
1.856133639812469482e-01
8.457503467798233032e-02
9.227479994297027588e-02
1.186501085758209229e-01
3.336658701300621033e-02
2.050394117832183838e-01
1.154732927680015564e-01
6.729493290185928345e-02
3.150990605354309082e-02
1.787329316139221191e-01
3.339961171150207520e-02
1.845552772283554077e-01
1.360968947410583496e-01
1.445986479520797729e-01
1.398485153913497925e-01
1.623908132314682007e-01
9.695655852556228638e-02
1.806876659393310547e-01
1.080124080181121826e-01
8.633292466402053833e-02
7.332620769739151001e-02
8.743374049663543701e-02
1.151093393564224243e-01
6.578801572322845459e-02
2.679088413715362549e-01
6.407029926776885986e-02
1.617317199707031250e-01
7.630999386310577393e-02
6.961387395858764648e-02
2.610896527767181396e-01
1.923444122076034546e-01
1.735054701566696167e-01
7.042916864156723022e-02
1.657999157905578613e-01
1.175502017140388489e-01
1.087501198053359985e-01
1.132373735308647156e-01
2.741208374500274658e-01
1.620009988546371460e-01
7.736480981111526489e-02
2.074906975030899048e-01
7.936279475688934326e-02
1.374998390674591064e-01
1.210083365440368652e-01
1.324624568223953247e-01
1.125031858682632446e-01
1.787834167480468750e-01
1.224087774753570557e-01
1.487818211317062378e-01
2.801329195499420166e-01
7.190144062042236328e-02
2.292564362287521362e-01
1.336457580327987671e-01
5.525523424148559570e-02
7.018411904573440552e-02
3.332467377185821533e-01
6.808844208717346191e-02
6.661521643400192261e-02
1.480501592159271240e-01
3.040629923343658447e-01
