-5.175903439521789551e-01
-5.124412178993225098e-01
-3.143447218462824821e-03
-5.994100570678710938e-01
-7.426751852035522461e-01
-6.387725472450256348e-01
-9.262621402740478516e-01
-3.542058169841766357e-01
-3.049193620681762695e-01
-3.934000432491302490e-01
-2.940593957901000977e-01
-2.928149700164794922e-01
-5.445901155471801758e-01
-2.448050975799560547e-01
-1.610999107360839844e-01
-4.305896461009979248e-01
-1.229635328054428101e-01
-1.498383283615112305e-01
-3.361819982528686523e-01
-1.783815920352935791e-01
-7.095553874969482422e-01
-1.886526346206665039e-01
-4.434333741664886475e-01
-5.221990346908569336e-01
-5.026988387107849121e-01
-3.642435669898986816e-01
-4.940180182456970215e-01
-5.035038590431213379e-01
-4.720971882343292236e-01
-7.010227441787719727e-01
-2.348371148109436035e-01
-8.443454504013061523e-01
-3.536230027675628662e-01
-1.062682986259460449e+00
-3.091723620891571045e-01
-3.010243177413940430e-01
-2.836388349533081055e-01
-7.184519767761230469e-01
-6.647964715957641602e-01
-9.591604024171829224e-02
-9.800639152526855469e-01
-4.537602365016937256e-01
-5.996552705764770508e-01
-3.963468074798583984e-01
-1.595606952905654907e-01
-3.533359169960021973e-01
-5.354207754135131836e-01
-2.773517370223999023e-01
-5.162071585655212402e-01
-7.598417997360229492e-01
-1.092452332377433777e-01
-5.879313349723815918e-01
-3.874821662902832031e-01
-5.539386272430419922e-01
-2.842470407485961914e-01
-3.042360544204711914e-01
-6.663171052932739258e-01
-3.563984930515289307e-01
-1.019766449928283691e+00
-1.669082343578338623e-01
-5.270204544067382812e-01
-3.384538888931274414e-01
-1.580401659011840820e-01
-6.978361010551452637e-01
-3.363383412361145020e-01
-2.952593266963958740e-01
-4.938290119171142578e-01
-4.574360251426696777e-01
-4.685184061527252197e-01
-7.499886751174926758e-01
-2.980197966098785400e-01
-9.684209525585174561e-02
-8.106491565704345703e-01
-4.204593896865844727e-01
-4.629774689674377441e-01
-5.475885868072509766e-01
-7.303410172462463379e-01
-3.723173439502716064e-01
2.437868714332580566e-01
-2.632001042366027832e-01
-4.389340877532958984e-01
-2.774443924427032471e-01
-5.239801406860351562e-01
-5.174876451492309570e-01
-5.734989643096923828e-01
-3.914985954761505127e-01
-5.163904428482055664e-01
-2.037093490362167358e-01
-6.328988075256347656e-01
-2.712598145008087158e-01
-2.471046000719070435e-01
-1.829041689634323120e-01
-6.874225735664367676e-01
-4.482064843177795410e-01
-3.788236677646636963e-01
-3.946841955184936523e-01
-8.296786546707153320e-01
-9.547649025917053223e-01
-2.699931263923645020e-01
-3.452733159065246582e-01
-4.637935459613800049e-01
-3.153947889804840088e-01
-5.835055708885192871e-01
-4.684514701366424561e-01
-4.314954280853271484e-01
-3.187944591045379639e-01
-5.572308301925659180e-01
-3.437865972518920898e-01
-1.108281686902046204e-01
-6.452487707138061523e-01
-4.641695916652679443e-01
-2.520582079887390137e-01
-4.075621664524078369e-01
-9.454474449157714844e-01
-5.351506471633911133e-01
5.611240863800048828e-02
-4.919041991233825684e-01
-7.602311968803405762e-01
-9.632281661033630371e-01
-4.142769575119018555e-01
-4.945228099822998047e-01
-4.677167534828186035e-01
-6.063361763954162598e-01
-3.238513767719268799e-01
-4.432982504367828369e-01
-4.197004735469818115e-01
-3.828818202018737793e-01
-1.375333368778228760e-01
-2.499879598617553711e-01
-3.328311145305633545e-01
-4.404102265834808350e-01
1.791566163301467896e-01
-5.607209801673889160e-01
-3.936238884925842285e-01
-4.094822108745574951e-01
-6.812322139739990234e-01
-7.266240715980529785e-01
-7.881776094436645508e-01
-8.401534557342529297e-01
1.333408355712890625e-01
-3.992720544338226318e-01
-5.846054553985595703e-01
-4.685777127742767334e-01
-6.043704748153686523e-01
-6.977943778038024902e-01
-2.464465424418449402e-02
-5.916171893477439880e-02
-6.331492066383361816e-01
-5.523717403411865234e-01
-4.040081501007080078e-01
-4.520619213581085205e-01
-6.059416532516479492e-01
-7.121194601058959961e-01
-2.918307781219482422e-01
-6.869764328002929688e-01
-3.415727615356445312e-01
-5.137523412704467773e-01
-5.171911716461181641e-01
-3.138169944286346436e-01
-7.083594202995300293e-01
-7.200332880020141602e-01
-8.128077387809753418e-01
7.449883222579956055e-02
-5.733337402343750000e-01
-1.378271728754043579e-01
-2.353303432464599609e-01
-6.043740510940551758e-01
-2.476416230201721191e-01
-9.165019541978836060e-02
-6.117874979972839355e-01
-3.402360677719116211e-01
-2.373019605875015259e-01
-3.970585465431213379e-01
-3.348823785781860352e-01
-2.596384882926940918e-01
-7.849833965301513672e-01
-4.872014522552490234e-01
-5.185884237289428711e-01
-4.593363404273986816e-01
-6.096646785736083984e-01
-5.688905715942382812e-01
-5.164977908134460449e-01
-5.400416851043701172e-01
-5.903774499893188477e-01
-1.298799831420183182e-02
-2.927932739257812500e-01
-4.652789533138275146e-01
-5.880466103553771973e-01
-3.093201816082000732e-01
-3.978005945682525635e-01
-6.538403630256652832e-01
-4.526835083961486816e-01
-1.946890205144882202e-01
-3.328496217727661133e-01
-1.955879181623458862e-01
-3.193363249301910400e-01
-6.293278336524963379e-01
-1.692893654108047485e-01
-3.129897415637969971e-01
-3.118116259574890137e-01
-1.067045211791992188e+00
-3.072628676891326904e-01
-3.270694613456726074e-01
-6.530111432075500488e-01
-3.620748519897460938e-01
-6.589174866676330566e-01
-8.337538242340087891e-01
-7.939421534538269043e-01
-6.240648031234741211e-01
-6.207970380783081055e-01
-4.329694807529449463e-01
-4.832316935062408447e-01
-5.562681555747985840e-01
-3.486157357692718506e-01
-6.328086853027343750e-01
-8.088287115097045898e-01
-2.639933824539184570e-01
-3.251893818378448486e-01
-5.552818179130554199e-01
-4.288308024406433105e-01
-2.964118719100952148e-01
-1.459350436925888062e-01
-3.482073843479156494e-01
-4.504975378513336182e-01
-5.852789282798767090e-01
-3.298682868480682373e-01
-4.288448989391326904e-01
-4.530137479305267334e-01
-6.111338734626770020e-01
-3.216945528984069824e-01
-2.674597203731536865e-01
-1.449060440063476562e-01
-3.011325299739837646e-01
-6.283012628555297852e-01
-3.468741178512573242e-01
-8.684850335121154785e-01
1.799917197786271572e-03
1.899738907814025879e-01
-5.737820267677307129e-01
-4.626231491565704346e-01
-3.208524584770202637e-01
-2.384636551141738892e-01
-3.224425017833709717e-01
-3.449340164661407471e-01
-3.755018711090087891e-01
-1.854108124971389771e-01
-6.463648080825805664e-01
-5.880627632141113281e-01
-2.583013772964477539e-01
-4.303752779960632324e-01
-8.935204148292541504e-01
-2.124940752983093262e-01
-2.480972707271575928e-01
-5.274292826652526855e-01
-5.939155817031860352e-01
-3.583394885063171387e-01
