-2.548493444919586182e-02
-4.855317249894142151e-02
-3.415038064122200012e-02
-5.000050738453865051e-02
-5.776538327336311340e-02
-3.295980766415596008e-02
-4.348612576723098755e-02
-2.270446717739105225e-02
-2.666776254773139954e-02
-4.495818167924880981e-02
-2.229786850512027740e-02
-2.959959767758846283e-02
-3.344115614891052246e-02
-4.280696436762809753e-02
-2.876157127320766449e-02
-3.714254125952720642e-02
-2.622020058333873749e-02
-2.643977478146553040e-02
-3.107501193881034851e-02
-3.329108655452728271e-02
-4.347196593880653381e-02
-1.087968237698078156e-02
-3.669188916683197021e-02
-2.778708748519420624e-02
-2.884175069630146027e-02
-3.216027468442916870e-02
-2.877237461507320404e-02
-3.161045163869857788e-02
-3.147889673709869385e-02
-3.602503985166549683e-02
-2.266356348991394043e-02
-4.317060485482215881e-02
-3.324988856911659241e-02
-3.269558399915695190e-02
-2.933809533715248108e-02
-2.638598531484603882e-02
-3.315971791744232178e-02
-3.928421437740325928e-02
-2.975429408252239227e-02
-2.272592671215534210e-02
-5.314192548394203186e-02
-4.156922176480293274e-02
-2.443277649581432343e-02
-3.016624599695205688e-02
-2.042374946177005768e-02
-4.572025313973426819e-02
-2.343408204615116119e-02
-1.243899948894977570e-02
-2.758582867681980133e-02
-2.286876365542411804e-02
-3.163802251219749451e-02
-5.026631802320480347e-02
-2.768870629370212555e-02
-2.836886420845985413e-02
-3.217466175556182861e-02
-2.172238007187843323e-02
-2.405092120170593262e-02
-3.052434884011745453e-02
-1.262480486184358597e-02
-6.425858289003372192e-02
-2.929362468421459198e-02
-3.311872109770774841e-02
-2.046917937695980072e-02
-4.523399472236633301e-02
-3.734468296170234680e-02
-2.434138022363185883e-02
-4.561812058091163635e-02
-3.321874141693115234e-02
-4.789903387427330017e-02
-4.753111675381660461e-02
-3.032052516937255859e-02
-2.455501444637775421e-02
-5.228524282574653625e-02
-3.455761820077896118e-02
-2.460511587560176849e-02
-2.882400713860988617e-02
-3.492214158177375793e-02
-3.438431769609451294e-02
-4.270834475755691528e-02
-3.429918363690376282e-02
-4.915557801723480225e-02
-3.707836195826530457e-02
-3.089859150350093842e-02
-2.067779563367366791e-02
-3.372983261942863464e-02
-4.357493668794631958e-02
-2.300590090453624725e-02
-3.627908229827880859e-02
-2.587042003870010376e-02
-3.706710785627365112e-02
-4.113521426916122437e-02
-3.454304486513137817e-02
-3.577409312129020691e-02
-3.878932818770408630e-02
-2.019900456070899963e-02
-1.448807772248983383e-02
-5.135855078697204590e-02
-5.947115272283554077e-02
-4.024229198694229126e-02
-3.819981962442398071e-02
-4.502531513571739197e-02
-3.314393758773803711e-02
-4.434505105018615723e-02
-2.244013361632823944e-02
-2.512408792972564697e-02
-2.225417457520961761e-02
-5.927909910678863525e-02
-2.143507264554500580e-02
-2.969695813953876495e-02
-3.604836761951446533e-02
-4.399682953953742981e-02
-3.276674821972846985e-02
-2.135463431477546692e-02
-5.298483371734619141e-02
-2.418207935988903046e-02
-4.470105469226837158e-02
-3.458109870553016663e-02
-2.417492121458053589e-02
-2.890247479081153870e-02
-2.631856314837932587e-02
-2.636380307376384735e-02
-3.378662467002868652e-02
-3.225376456975936890e-02
-4.874545708298683167e-02
-3.471865877509117126e-02
-5.161552876234054565e-02
-3.113397583365440369e-02
-2.873817831277847290e-02
-2.705940045416355133e-02
-1.704461686313152313e-02
-3.163602203130722046e-02
-3.543433919548988342e-02
-5.554585158824920654e-02
-2.380494214594364166e-02
-5.338661372661590576e-02
-3.106935694813728333e-02
-2.301296964287757874e-02
-5.487095192074775696e-02
-5.102782696485519409e-02
-5.138014629483222961e-02
-4.706754535436630249e-02
-3.754067420959472656e-02
-6.016646325588226318e-02
-2.995480224490165710e-02
-5.110216513276100159e-02
-4.780876263976097107e-02
-4.220670461654663086e-02
-2.811333350837230682e-02
-4.478643834590911865e-02
-3.333178535103797913e-02
-3.531733155250549316e-02
-1.831451803445816040e-02
-4.210117459297180176e-02
-4.107209667563438416e-02
-5.565376207232475281e-02
-3.919400647282600403e-02
-2.730130404233932495e-02
-2.098967507481575012e-02
-1.871320046484470367e-02
-3.909667581319808960e-02
-3.704462945461273193e-02
-4.075623303651809692e-02
-3.394530713558197021e-02
-2.067567221820354462e-02
-3.031730279326438904e-02
-2.413108758628368378e-02
-3.183912113308906555e-02
-2.305449359118938446e-02
-3.361417353153228760e-02
-2.425562404096126556e-02
-3.576545417308807373e-02
-2.100706845521926880e-02
-4.920043796300888062e-02
-1.935625076293945312e-02
-3.024036251008510590e-02
-1.827354170382022858e-02
-3.269374743103981018e-02
-3.287651389837265015e-02
-5.741829797625541687e-02
-2.868301980197429657e-02
-2.948423288762569427e-02
-3.677623346447944641e-02
-9.404286742210388184e-03
-5.382630601525306702e-02
-2.148193307220935822e-02
-2.807289920747280121e-02
-3.657900542020797729e-02
-6.199909746646881104e-02
-2.018363960087299347e-02
-6.488515436649322510e-02
-2.951447293162345886e-02
-3.294216468930244446e-02
-5.958293378353118896e-02
-3.515187650918960571e-02
-3.180305659770965576e-02
-3.127440810203552246e-02
-4.230760782957077026e-02
-3.554740920662879944e-02
-3.634551912546157837e-02
-2.559095993638038635e-02
-3.627615049481391907e-02
-2.001571655273437500e-02
-3.084070049226284027e-02
-3.900978341698646545e-02
-2.613794617354869843e-02
-1.694224774837493896e-02
-4.454848170280456543e-02
-1.891110278666019440e-02
-3.393502905964851379e-02
-5.140108242630958557e-02
-2.718238718807697296e-02
-2.959600090980529785e-02
-4.540209472179412842e-02
-5.306837335228919983e-02
-4.478880763053894043e-02
-4.706805571913719177e-02
-3.063280880451202393e-02
-3.180786594748497009e-02
-6.285364180803298950e-02
-2.999524958431720734e-02
-3.923621401190757751e-02
-2.777057886123657227e-02
-2.705996856093406677e-02
-2.496703155338764191e-02
-5.153496190905570984e-02
-3.039625473320484161e-02
-3.417149931192398071e-02
-2.459247037768363953e-02
-3.707992285490036011e-02
-3.448058664798736572e-02
-5.894509330391883850e-02
-2.227179333567619324e-02
-2.622254751622676849e-02
-3.170862421393394470e-02
-3.386748954653739929e-02
-4.930394142866134644e-02
-4.871546849608421326e-02
-6.229647994041442871e-02
-4.406567290425300598e-02
-2.725578472018241882e-02
-5.211888626217842102e-02
-3.261696919798851013e-02
-1.962890289723873138e-02
-3.072367981076240540e-02
-2.397973788902163506e-03
-5.446806177496910095e-02
-3.311998024582862854e-02
-2.381002716720104218e-02
-3.489286825060844421e-02
-3.510324656963348389e-02
-4.440784081816673279e-02
-3.477455303072929382e-02
-1.649435609579086304e-02
-1.789820380508899689e-02
-2.416015975177288055e-02
-2.099999226629734039e-02
