9.990655779838562012e-01
1.003533244132995605e+00
9.995746016502380371e-01
9.994823932647705078e-01
9.993392825126647949e-01
9.998759031295776367e-01
1.002054810523986816e+00
9.997553825378417969e-01
9.999147653579711914e-01
1.000348567962646484e+00
9.994063973426818848e-01
9.989587664604187012e-01
9.985895752906799316e-01
9.984242916107177734e-01
9.997799396514892578e-01
1.000232815742492676e+00
1.001405835151672363e+00
1.000811696052551270e+00
9.990584254264831543e-01
9.999574422836303711e-01
1.002599954605102539e+00
9.997569322586059570e-01
1.001965284347534180e+00
9.989828467369079590e-01
9.993791580200195312e-01
9.994343519210815430e-01
9.999162554740905762e-01
1.000035762786865234e+00
1.000133275985717773e+00
1.004288554191589355e+00
1.000482559204101562e+00
1.003126263618469238e+00
9.998865127563476562e-01
1.000200510025024414e+00
1.001459717750549316e+00
9.993578791618347168e-01
9.981329441070556641e-01
1.002176165580749512e+00
9.990366697311401367e-01
9.990835189819335938e-01
9.993454813957214355e-01
9.995985031127929688e-01
9.987809062004089355e-01
1.002181291580200195e+00
9.994149804115295410e-01
1.001527905464172363e+00
1.000681638717651367e+00
9.970186352729797363e-01
9.973136186599731445e-01
1.003576755523681641e+00
9.998313784599304199e-01
9.994081854820251465e-01
1.000798702239990234e+00
9.994256496429443359e-01
1.000108838081359863e+00
1.000648736953735352e+00
1.000243425369262695e+00
1.000046730041503906e+00
1.000551581382751465e+00
1.000641942024230957e+00
9.990907907485961914e-01
1.000313043594360352e+00
1.001980781555175781e+00
1.000002264976501465e+00
1.001434445381164551e+00
9.988039731979370117e-01
1.000212550163269043e+00
9.987829923629760742e-01
9.999328255653381348e-01
1.000665426254272461e+00
1.002468585968017578e+00
1.000839710235595703e+00
9.998085498809814453e-01
9.999085068702697754e-01
9.997203350067138672e-01
9.998132586479187012e-01
1.000025153160095215e+00
1.000234127044677734e+00
9.987898468971252441e-01
1.000444889068603516e+00
9.992080926895141602e-01
9.997051358222961426e-01
9.993274211883544922e-01
1.000074625015258789e+00
1.000608086585998535e+00
1.000041961669921875e+00
9.998998045921325684e-01
9.994646906852722168e-01
1.000140070915222168e+00
9.982585310935974121e-01
1.000586986541748047e+00
1.000018358230590820e+00
1.001294493675231934e+00
1.000290155410766602e+00
9.994854927062988281e-01
1.001491546630859375e+00
1.003539919853210449e+00
9.992981553077697754e-01
9.989041686058044434e-01
9.982454180717468262e-01
9.977497458457946777e-01
1.004592776298522949e+00
9.985950589179992676e-01
1.000005125999450684e+00
1.000748753547668457e+00
1.004359841346740723e+00
1.000189065933227539e+00
1.000713109970092773e+00
9.998444318771362305e-01
9.996384382247924805e-01
9.989300966262817383e-01
9.993447065353393555e-01
9.992842674255371094e-01
1.000399470329284668e+00
9.980762004852294922e-01
1.000360250473022461e+00
9.985214471817016602e-01
1.001005172729492188e+00
1.000626206398010254e+00
1.002353787422180176e+00
1.002531528472900391e+00
9.996004104614257812e-01
1.002352833747863770e+00
9.990730285644531250e-01
1.000443935394287109e+00
9.992566108703613281e-01
9.971674084663391113e-01
1.000433444976806641e+00
1.001352548599243164e+00
9.987881779670715332e-01
9.976316690444946289e-01
9.995095729827880859e-01
1.001532077789306641e+00
1.000082492828369141e+00
9.999368786811828613e-01
1.000660896301269531e+00
9.998089671134948730e-01
9.985576272010803223e-01
1.001987338066101074e+00
9.990465044975280762e-01
9.998952746391296387e-01
1.000177621841430664e+00
9.984090328216552734e-01
1.002220034599304199e+00
9.999053478240966797e-01
9.993628263473510742e-01
1.001665472984313965e+00
1.000266909599304199e+00
1.001588940620422363e+00
1.000721931457519531e+00
9.972668886184692383e-01
1.002813696861267090e+00
9.988716244697570801e-01
1.000577807426452637e+00
9.983153939247131348e-01
1.002002954483032227e+00
1.000199913978576660e+00
9.998257756233215332e-01
1.000463247299194336e+00
1.000453114509582520e+00
1.001260042190551758e+00
1.000396370887756348e+00
1.000290632247924805e+00
9.979051947593688965e-01
1.002065896987915039e+00
9.988903403282165527e-01
9.976291060447692871e-01
9.999634027481079102e-01
1.001006960868835449e+00
1.000036597251892090e+00
9.995366334915161133e-01
9.992846250534057617e-01
9.993522763252258301e-01
9.994025230407714844e-01
1.001520037651062012e+00
9.997311234474182129e-01
1.000326871871948242e+00
1.000523805618286133e+00
1.001089453697204590e+00
9.993951916694641113e-01
9.997440576553344727e-01
9.992250204086303711e-01
1.000243544578552246e+00
1.000151395797729492e+00
1.003895282745361328e+00
9.974853992462158203e-01
9.997292160987854004e-01
1.001113176345825195e+00
1.000206589698791504e+00
9.997128844261169434e-01
1.002753853797912598e+00
1.000731825828552246e+00
1.000137567520141602e+00
1.000574350357055664e+00
9.990697503089904785e-01
9.993848800659179688e-01
1.000946640968322754e+00
9.984367489814758301e-01
1.000170707702636719e+00
1.000623822212219238e+00
9.988725781440734863e-01
9.998682737350463867e-01
9.984718561172485352e-01
9.997795820236206055e-01
9.978194832801818848e-01
1.000511646270751953e+00
9.986732006072998047e-01
1.001788258552551270e+00
1.000480771064758301e+00
1.002064704895019531e+00
9.984064698219299316e-01
1.001965522766113281e+00
9.999656677246093750e-01
1.001080751419067383e+00
9.979239106178283691e-01
1.000405550003051758e+00
1.003591179847717285e+00
9.999172687530517578e-01
9.987226724624633789e-01
1.000644207000732422e+00
1.000303030014038086e+00
1.000031352043151855e+00
1.001742601394653320e+00
1.001498222351074219e+00
9.987760782241821289e-01
9.995893239974975586e-01
9.985978007316589355e-01
9.995036721229553223e-01
9.989486932754516602e-01
9.981998801231384277e-01
1.001576900482177734e+00
9.982022643089294434e-01
1.001604080200195312e+00
9.983473420143127441e-01
9.982044100761413574e-01
1.002424836158752441e+00
9.975858926773071289e-01
9.984231591224670410e-01
9.967443346977233887e-01
1.001171231269836426e+00
1.002440571784973145e+00
1.000906109809875488e+00
1.000434279441833496e+00
9.968367218971252441e-01
1.001395702362060547e+00
1.000670552253723145e+00
1.001230478286743164e+00
1.001698732376098633e+00
1.000210285186767578e+00
1.000613093376159668e+00
9.997148513793945312e-01
9.998036026954650879e-01
1.000548720359802246e+00
9.986121058464050293e-01
1.000066041946411133e+00
9.996276497840881348e-01
9.993337392807006836e-01
9.988752603530883789e-01
9.991448521614074707e-01
9.994134902954101562e-01
9.986769556999206543e-01
9.987103343009948730e-01
1.002042055130004883e+00
1.005036830902099609e+00
9.978348612785339355e-01
9.997635483741760254e-01
9.975803494453430176e-01
9.981851577758789062e-01
1.002973079681396484e+00
9.993609189987182617e-01
1.000380635261535645e+00
1.000167012214660645e+00
9.991225004196166992e-01
1.001883268356323242e+00
1.000447273254394531e+00
1.004840850830078125e+00
9.994387030601501465e-01
1.001399040222167969e+00
1.000191926956176758e+00
1.000506997108459473e+00
1.002749919891357422e+00
1.001456499099731445e+00
9.991220235824584961e-01
9.986995458602905273e-01
9.987268447875976562e-01
9.991406202316284180e-01
1.000543832778930664e+00
1.002464532852172852e+00
1.001365423202514648e+00
9.989678263664245605e-01
9.997761845588684082e-01
9.996601343154907227e-01
9.998528361320495605e-01
1.002209305763244629e+00
9.987789392471313477e-01
1.000425815582275391e+00
9.988244175910949707e-01
9.994726777076721191e-01
9.971945881843566895e-01
1.000612735748291016e+00
9.997887611389160156e-01
9.994900822639465332e-01
1.000419378280639648e+00
1.000741004943847656e+00
1.001785159111022949e+00
1.000044941902160645e+00
9.998310208320617676e-01
9.986214041709899902e-01
1.002820968627929688e+00
1.001415491104125977e+00
9.985676407814025879e-01
1.000533819198608398e+00
9.979075789451599121e-01
1.001117110252380371e+00
9.985603094100952148e-01
1.001731395721435547e+00
1.004724621772766113e+00
9.999737143516540527e-01
9.964380860328674316e-01
1.000769376754760742e+00
9.985276460647583008e-01
9.992679953575134277e-01
9.980944991111755371e-01
9.996434450149536133e-01
1.002221941947937012e+00
1.001226186752319336e+00
1.000158905982971191e+00
1.000617504119873047e+00
1.001695275306701660e+00
9.995936751365661621e-01
1.004674196243286133e+00
1.000045061111450195e+00
1.000521302223205566e+00
9.998622536659240723e-01
9.996988773345947266e-01
1.000379562377929688e+00
9.994579553604125977e-01
9.993863701820373535e-01
1.001478910446166992e+00
9.996834397315979004e-01
9.994203448295593262e-01
1.001300334930419922e+00
9.999871253967285156e-01
9.984144568443298340e-01
1.001062154769897461e+00
1.002236485481262207e+00
9.984274506568908691e-01
9.982217550277709961e-01
9.981043338775634766e-01
1.001570105552673340e+00
9.993439912796020508e-01
9.990300536155700684e-01
9.989987015724182129e-01
1.000939846038818359e+00
9.992507696151733398e-01
9.988400340080261230e-01
9.999274015426635742e-01
9.996486902236938477e-01
1.000701308250427246e+00
9.998151063919067383e-01
1.000399947166442871e+00
9.990757107734680176e-01
9.992697238922119141e-01
9.984285831451416016e-01
1.005804419517517090e+00
9.982398152351379395e-01
1.000022411346435547e+00
1.000724315643310547e+00
9.996056556701660156e-01
1.000324010848999023e+00
1.002183675765991211e+00
1.000989317893981934e+00
1.000503778457641602e+00
1.000440955162048340e+00
1.002009034156799316e+00
9.988957643508911133e-01
9.998443722724914551e-01
1.000885844230651855e+00
9.999459385871887207e-01
1.000713229179382324e+00
9.997465610504150391e-01
9.986687898635864258e-01
9.999289512634277344e-01
1.000274658203125000e+00
9.995134472846984863e-01
1.001055717468261719e+00
9.998536109924316406e-01
9.986557960510253906e-01
9.971557259559631348e-01
9.985179305076599121e-01
1.000363111495971680e+00
9.988270401954650879e-01
1.000286936759948730e+00
1.001343488693237305e+00
9.998595118522644043e-01
1.001387000083923340e+00
9.986419081687927246e-01
9.989408850669860840e-01
9.983094334602355957e-01
1.002785921096801758e+00
9.984827041625976562e-01
9.990731477737426758e-01
9.985286593437194824e-01
1.000527262687683105e+00
9.988194704055786133e-01
1.001581192016601562e+00
1.001671791076660156e+00
1.000077486038208008e+00
1.000262379646301270e+00
9.989536404609680176e-01
1.001195907592773438e+00
9.983613491058349609e-01
9.989586472511291504e-01
1.000354886054992676e+00
9.975400567054748535e-01
9.978392720222473145e-01
1.000758171081542969e+00
1.000000357627868652e+00
1.001116752624511719e+00
1.001704931259155273e+00
1.000512599945068359e+00
1.000520825386047363e+00
1.000330805778503418e+00
9.992476105690002441e-01
1.001422405242919922e+00
9.989947676658630371e-01
9.994650483131408691e-01
1.001352429389953613e+00
1.000635504722595215e+00
1.001260757446289062e+00
9.994758367538452148e-01
9.982230663299560547e-01
1.000496864318847656e+00
9.984503388404846191e-01
1.000120878219604492e+00
1.000318765640258789e+00
9.977930188179016113e-01
9.999229311943054199e-01
9.990574717521667480e-01
1.003177762031555176e+00
1.000381946563720703e+00
1.000140547752380371e+00
9.990738034248352051e-01
1.000785470008850098e+00
9.995575547218322754e-01
9.996690154075622559e-01
1.000149726867675781e+00
9.994583129882812500e-01
9.995485544204711914e-01
9.995667338371276855e-01
1.000952839851379395e+00
1.000089645385742188e+00
9.999903440475463867e-01
9.994317889213562012e-01
1.000321865081787109e+00
1.000862836837768555e+00
9.998592138290405273e-01
9.996423125267028809e-01
1.000940322875976562e+00
9.997457861900329590e-01
9.998950362205505371e-01
1.001238465309143066e+00
9.995886087417602539e-01
9.996666908264160156e-01
9.995832443237304688e-01
1.000989794731140137e+00
9.998220801353454590e-01
1.000138282775878906e+00
1.002612233161926270e+00
1.001720428466796875e+00
1.000041723251342773e+00
9.997337460517883301e-01
9.997106790542602539e-01
1.001108646392822266e+00
1.000861763954162598e+00
9.993271827697753906e-01
1.000293493270874023e+00
1.002968549728393555e+00
1.000223517417907715e+00
1.000281214714050293e+00
9.997578263282775879e-01
1.000595331192016602e+00
9.990045428276062012e-01
9.974175691604614258e-01
1.000180363655090332e+00
1.000789046287536621e+00
9.985357522964477539e-01
1.000913262367248535e+00
9.998651742935180664e-01
1.001317977905273438e+00
9.992108345031738281e-01
9.980932474136352539e-01
9.990431070327758789e-01
1.000054359436035156e+00
9.981745481491088867e-01
9.987113475799560547e-01
9.982341527938842773e-01
9.995682239532470703e-01
1.000976681709289551e+00
9.991531968116760254e-01
1.000131964683532715e+00
9.980928301811218262e-01
1.001343369483947754e+00
1.000377893447875977e+00
1.000658035278320312e+00
1.000548362731933594e+00
9.998540878295898438e-01
9.987992644309997559e-01
1.000202775001525879e+00
9.993370175361633301e-01
1.002060651779174805e+00
1.001955389976501465e+00
1.000596165657043457e+00
1.003539323806762695e+00
1.000201940536499023e+00
1.000692725181579590e+00
1.000360012054443359e+00
1.000607013702392578e+00
9.998227953910827637e-01
1.001870512962341309e+00
1.002627372741699219e+00
9.988250732421875000e-01
1.001137971878051758e+00
1.000045895576477051e+00
1.000476241111755371e+00
1.000552654266357422e+00
1.000424742698669434e+00
1.000423431396484375e+00
9.991453289985656738e-01
1.001959919929504395e+00
9.994848966598510742e-01
1.001794338226318359e+00
9.996064901351928711e-01
9.986181855201721191e-01
9.994095563888549805e-01
1.001212239265441895e+00
9.973809123039245605e-01
1.000046610832214355e+00
9.987789988517761230e-01
1.000695824623107910e+00
1.001319646835327148e+00
9.986631274223327637e-01
9.992129802703857422e-01
9.993366599082946777e-01
1.000541210174560547e+00
1.000454902648925781e+00
9.996151924133300781e-01
9.999826550483703613e-01
9.998008012771606445e-01
1.001279115676879883e+00
1.002774477005004883e+00
9.988963007926940918e-01
1.000940561294555664e+00
9.996179938316345215e-01
9.991991519927978516e-01
1.000058412551879883e+00
9.989190101623535156e-01
9.995816349983215332e-01
9.999136328697204590e-01
1.000671863555908203e+00
1.000574588775634766e+00
9.989898800849914551e-01
9.985901117324829102e-01
9.980288743972778320e-01
9.995708465576171875e-01
1.000917911529541016e+00
1.000300645828247070e+00
9.987490177154541016e-01
1.001214146614074707e+00
9.996939897537231445e-01
9.983036518096923828e-01
1.000259399414062500e+00
1.000296354293823242e+00
9.991247057914733887e-01
9.990034699440002441e-01
1.001688361167907715e+00
1.000131964683532715e+00
1.001072168350219727e+00
9.995726943016052246e-01
9.996043443679809570e-01
9.991191625595092773e-01
1.000308632850646973e+00
1.001983046531677246e+00
1.000524282455444336e+00
9.988037347793579102e-01
1.000051498413085938e+00
9.984452128410339355e-01
9.991312026977539062e-01
9.991682767868041992e-01
9.990770220756530762e-01
1.000194191932678223e+00
1.000057578086853027e+00
9.999838471412658691e-01
9.999867677688598633e-01
1.000822901725769043e+00
9.991793632507324219e-01
1.002889871597290039e+00
1.002135992050170898e+00
9.988021254539489746e-01
1.000541210174560547e+00
9.998121857643127441e-01
1.001586556434631348e+00
9.995246529579162598e-01
1.000088810920715332e+00
1.000355958938598633e+00
9.991899728775024414e-01
9.997356534004211426e-01
1.000530481338500977e+00
1.000752329826354980e+00
9.979151487350463867e-01
9.971600174903869629e-01
9.994150400161743164e-01
9.987993836402893066e-01
9.991737604141235352e-01
9.997150897979736328e-01
1.003484845161437988e+00
1.001561999320983887e+00
9.986867904663085938e-01
9.992140531539916992e-01
9.995020627975463867e-01
9.999644160270690918e-01
1.001373529434204102e+00
1.000006079673767090e+00
1.000658869743347168e+00
1.002698183059692383e+00
1.001756429672241211e+00
9.970001578330993652e-01
9.997268915176391602e-01
9.992440938949584961e-01
9.993737339973449707e-01
1.000072002410888672e+00
1.000012636184692383e+00
9.999581575393676758e-01
9.995981454849243164e-01
1.000134110450744629e+00
9.991922378540039062e-01
9.992823600769042969e-01
9.999179840087890625e-01
1.001216650009155273e+00
1.000879883766174316e+00
1.001160144805908203e+00
1.002067685127258301e+00
1.000179052352905273e+00
9.992431998252868652e-01
1.001072287559509277e+00
9.972096085548400879e-01
9.984018802642822266e-01
9.973133802413940430e-01
1.000333428382873535e+00
1.000883221626281738e+00
1.002719998359680176e+00
1.001501798629760742e+00
1.000557661056518555e+00
9.991386532783508301e-01
9.983402490615844727e-01
1.001575231552124023e+00
9.979645609855651855e-01
1.001142144203186035e+00
9.988166093826293945e-01
1.000110507011413574e+00
9.996324181556701660e-01
9.995603561401367188e-01
9.994518756866455078e-01
9.975491166114807129e-01
9.978502392768859863e-01
9.989881515502929688e-01
9.981755614280700684e-01
9.997717738151550293e-01
1.000162124633789062e+00
1.001836657524108887e+00
1.000953793525695801e+00
9.982504248619079590e-01
9.993661642074584961e-01
9.988672137260437012e-01
1.001189470291137695e+00
9.974483847618103027e-01
1.000625729560852051e+00
9.994784593582153320e-01
9.999499917030334473e-01
1.000805616378784180e+00
1.001410841941833496e+00
9.988175630569458008e-01
9.995641112327575684e-01
9.997484087944030762e-01
1.000832080841064453e+00
9.987505674362182617e-01
9.993136525154113770e-01
9.986113905906677246e-01
9.996770024299621582e-01
9.994573593139648438e-01
9.994763135910034180e-01
1.000321388244628906e+00
1.001166462898254395e+00
9.996854066848754883e-01
9.994738698005676270e-01
9.982913136482238770e-01
1.000277996063232422e+00
1.001388192176818848e+00
1.002222537994384766e+00
1.002664208412170410e+00
1.000596523284912109e+00
9.985361099243164062e-01
1.000501275062561035e+00
9.998481273651123047e-01
9.989567399024963379e-01
9.978507161140441895e-01
9.996575713157653809e-01
9.991574287414550781e-01
9.996981620788574219e-01
1.004032611846923828e+00
1.000591158866882324e+00
9.992075562477111816e-01
1.001721739768981934e+00
9.992082715034484863e-01
9.988865256309509277e-01
9.995412230491638184e-01
1.001222014427185059e+00
9.991759657859802246e-01
1.001199841499328613e+00
1.001001000404357910e+00
1.000071525573730469e+00
1.000704288482666016e+00
1.000021934509277344e+00
1.000145673751831055e+00
9.990892410278320312e-01
1.000215411186218262e+00
9.997346997261047363e-01
9.976840019226074219e-01
1.001234531402587891e+00
9.982722401618957520e-01
9.977022409439086914e-01
9.983137845993041992e-01
9.979552626609802246e-01
1.001163363456726074e+00
1.002303957939147949e+00
9.971318244934082031e-01
1.000351786613464355e+00
9.984262585639953613e-01
1.000156760215759277e+00
1.000128984451293945e+00
9.996441602706909180e-01
9.990502595901489258e-01
1.000741362571716309e+00
9.978845715522766113e-01
1.000234127044677734e+00
1.001784443855285645e+00
1.000485420227050781e+00
9.993271231651306152e-01
1.000611186027526855e+00
9.964414834976196289e-01
9.967230558395385742e-01
9.984685778617858887e-01
1.001537561416625977e+00
1.002797245979309082e+00
9.998376965522766113e-01
9.967631697654724121e-01
9.997804760932922363e-01
9.980638027191162109e-01
9.996386170387268066e-01
9.977177977561950684e-01
1.001794457435607910e+00
9.967232942581176758e-01
9.999501109123229980e-01
1.000872492790222168e+00
9.999693632125854492e-01
1.000994682312011719e+00
9.991114735603332520e-01
1.001064658164978027e+00
9.987779259681701660e-01
1.001523494720458984e+00
1.000802755355834961e+00
1.000659465789794922e+00
9.987671375274658203e-01
9.998776316642761230e-01
9.989028573036193848e-01
1.000531077384948730e+00
9.977571368217468262e-01
1.003531217575073242e+00
9.998535513877868652e-01
9.991799592971801758e-01
9.983142018318176270e-01
9.996416568756103516e-01
1.000817656517028809e+00
1.001568198204040527e+00
9.993013143539428711e-01
9.994348287582397461e-01
9.991188645362854004e-01
1.000498175621032715e+00
1.000982284545898438e+00
1.000792980194091797e+00
1.000441551208496094e+00
1.000434398651123047e+00
9.989421963691711426e-01
9.990468025207519531e-01
9.996597766876220703e-01
1.000612258911132812e+00
9.989329576492309570e-01
9.996685385704040527e-01
1.000857591629028320e+00
1.002070069313049316e+00
9.967699050903320312e-01
9.985824823379516602e-01
1.002669095993041992e+00
9.992381930351257324e-01
1.000069260597229004e+00
9.982035160064697266e-01
1.000005364418029785e+00
9.985386133193969727e-01
9.993865489959716797e-01
1.000400900840759277e+00
9.991884231567382812e-01
1.001982212066650391e+00
1.000173807144165039e+00
9.995971918106079102e-01
1.000240921974182129e+00
9.988272786140441895e-01
9.998568296432495117e-01
9.994221329689025879e-01
1.002369403839111328e+00
9.997195601463317871e-01
9.995108842849731445e-01
1.000063538551330566e+00
1.002076029777526855e+00
9.999480843544006348e-01
9.990685582160949707e-01
9.997668862342834473e-01
1.000432372093200684e+00
1.000017523765563965e+00
1.001194596290588379e+00
1.000029087066650391e+00
1.000551342964172363e+00
1.000729918479919434e+00
1.001536250114440918e+00
1.000526666641235352e+00
9.982002973556518555e-01
1.000491380691528320e+00
9.997955560684204102e-01
1.000160336494445801e+00
9.980414509773254395e-01
9.988098740577697754e-01
1.000420928001403809e+00
1.000346302986145020e+00
9.998201727867126465e-01
9.982764124870300293e-01
9.999420046806335449e-01
9.996637105941772461e-01
1.000120639801025391e+00
9.982914924621582031e-01
9.995827674865722656e-01
9.980045557022094727e-01
9.991717338562011719e-01
1.000136733055114746e+00
9.992125034332275391e-01
1.001476287841796875e+00
9.987270832061767578e-01
1.000030159950256348e+00
1.001355886459350586e+00
9.995930194854736328e-01
1.000528335571289062e+00
1.001111388206481934e+00
9.993214607238769531e-01
9.997159838676452637e-01
9.985033869743347168e-01
9.997200369834899902e-01
9.996220469474792480e-01
1.002234339714050293e+00
9.991409182548522949e-01
9.991108179092407227e-01
1.006292581558227539e+00
9.990394711494445801e-01
1.000925302505493164e+00
9.995222687721252441e-01
9.991165995597839355e-01
9.999768733978271484e-01
1.001755475997924805e+00
9.997122287750244141e-01
9.998516440391540527e-01
9.996483325958251953e-01
1.001961946487426758e+00
1.002132177352905273e+00
9.996167421340942383e-01
9.998487830162048340e-01
1.001149892807006836e+00
9.996066689491271973e-01
9.989144802093505859e-01
9.975050687789916992e-01
1.000600695610046387e+00
9.981499314308166504e-01
9.999568462371826172e-01
9.997509717941284180e-01
1.002728223800659180e+00
9.999392628669738770e-01
1.000176191329956055e+00
9.984567165374755859e-01
1.000616908073425293e+00
9.992791414260864258e-01
9.992519617080688477e-01
9.988505244255065918e-01
9.998802542686462402e-01
1.001408815383911133e+00
9.999665617942810059e-01
9.977558851242065430e-01
1.001052141189575195e+00
9.997731447219848633e-01
9.995630383491516113e-01
1.000281691551208496e+00
9.991984367370605469e-01
9.989583492279052734e-01
9.982399344444274902e-01
9.993408918380737305e-01
1.002199530601501465e+00
1.000524878501892090e+00
9.985592365264892578e-01
9.995865225791931152e-01
1.000985026359558105e+00
1.000359892845153809e+00
9.999043345451354980e-01
9.998239278793334961e-01
1.000946044921875000e+00
1.000098228454589844e+00
1.000626802444458008e+00
1.000106215476989746e+00
1.000241637229919434e+00
1.001448631286621094e+00
9.987226128578186035e-01
1.000046610832214355e+00
1.000810027122497559e+00
9.996899962425231934e-01
9.978985190391540527e-01
9.993069171905517578e-01
9.990047812461853027e-01
9.991725087165832520e-01
1.000955700874328613e+00
1.001302003860473633e+00
9.994882345199584961e-01
9.999022483825683594e-01
9.974545836448669434e-01
9.992602467536926270e-01
9.984326958656311035e-01
9.998568296432495117e-01
9.995943903923034668e-01
9.980090856552124023e-01
9.980637431144714355e-01
1.001374959945678711e+00
9.990720748901367188e-01
1.000164389610290527e+00
9.984141588211059570e-01
9.974945187568664551e-01
1.000862836837768555e+00
9.994463324546813965e-01
1.000816941261291504e+00
9.986007809638977051e-01
9.999862909317016602e-01
1.000031471252441406e+00
9.988809823989868164e-01
1.001660585403442383e+00
1.001088142395019531e+00
1.000173568725585938e+00
9.998514652252197266e-01
9.989157915115356445e-01
1.001163482666015625e+00
1.000562191009521484e+00
1.000219941139221191e+00
1.001483678817749023e+00
1.000759840011596680e+00
1.001833200454711914e+00
9.997893571853637695e-01
1.003837108612060547e+00
1.001023888587951660e+00
9.976770281791687012e-01
9.982279539108276367e-01
1.002075076103210449e+00
9.999456405639648438e-01
9.994665384292602539e-01
1.001319885253906250e+00
9.990947842597961426e-01
9.999485611915588379e-01
1.001856327056884766e+00
9.987179636955261230e-01
9.990442991256713867e-01
1.000583767890930176e+00
9.998375177383422852e-01
9.992303848266601562e-01
9.990249872207641602e-01
1.000715494155883789e+00
1.001479625701904297e+00
1.000724673271179199e+00
9.984191656112670898e-01
9.992281198501586914e-01
1.000292778015136719e+00
9.988148808479309082e-01
9.987255334854125977e-01
1.002924203872680664e+00
1.001978158950805664e+00
9.994711875915527344e-01
1.002757430076599121e+00
1.001230478286743164e+00
1.000486612319946289e+00
9.985924959182739258e-01
1.000233292579650879e+00
1.000458359718322754e+00
9.999002814292907715e-01
1.001066684722900391e+00
1.000660538673400879e+00
1.001111626625061035e+00
1.000508427619934082e+00
9.975301623344421387e-01
9.981833696365356445e-01
9.998190999031066895e-01
1.001991748809814453e+00
1.000274062156677246e+00
1.000959634780883789e+00
9.994590282440185547e-01
9.997820258140563965e-01
9.992263913154602051e-01
9.981754422187805176e-01
9.977865815162658691e-01
9.998738765716552734e-01
1.001405715942382812e+00
9.969026446342468262e-01
9.997022151947021484e-01
9.994344115257263184e-01
9.986930489540100098e-01
9.994465708732604980e-01
