1.000651121139526367e+00
9.995295405387878418e-01
9.884192347526550293e-01
1.011333823204040527e+00
9.965654611587524414e-01
9.948304891586303711e-01
9.945380091667175293e-01
1.011288642883300781e+00
1.002999424934387207e+00
9.992652535438537598e-01
1.001677870750427246e+00
9.979065656661987305e-01
9.994936585426330566e-01
9.943194985389709473e-01
9.938237667083740234e-01
1.000940322875976562e+00
1.001388311386108398e+00
9.936761856079101562e-01
1.012227177619934082e+00
9.969101548194885254e-01
9.983095526695251465e-01
9.938176274299621582e-01
1.000167250633239746e+00
1.004941463470458984e+00
1.001116633415222168e+00
9.975787997245788574e-01
1.008585572242736816e+00
9.984941482543945312e-01
1.001039385795593262e+00
9.972417950630187988e-01
1.002919077873229980e+00
1.002157092094421387e+00
9.852402806282043457e-01
9.987907409667968750e-01
9.981534481048583984e-01
9.933388829231262207e-01
1.015803933143615723e+00
1.000119924545288086e+00
9.960452318191528320e-01
9.929021596908569336e-01
9.898858070373535156e-01
9.973152279853820801e-01
9.914871454238891602e-01
9.923555850982666016e-01
9.993370175361633301e-01
9.988355040550231934e-01
9.921900629997253418e-01
1.010952949523925781e+00
9.924862384796142578e-01
1.029707789421081543e+00
1.003492832183837891e+00
1.006497502326965332e+00
1.004508972167968750e+00
1.005344748497009277e+00
9.982432723045349121e-01
9.951039552688598633e-01
1.018275499343872070e+00
9.993316531181335449e-01
1.014123916625976562e+00
1.010731697082519531e+00
9.997147321701049805e-01
9.943514466285705566e-01
9.989480972290039062e-01
9.997348189353942871e-01
9.982986450195312500e-01
9.966214299201965332e-01
1.012791037559509277e+00
9.955990314483642578e-01
1.015221118927001953e+00
9.941466450691223145e-01
1.013610005378723145e+00
9.943361878395080566e-01
9.973056912422180176e-01
9.963816404342651367e-01
9.999356269836425781e-01
9.946486949920654297e-01
1.005074262619018555e+00
9.972978234291076660e-01
1.000852465629577637e+00
9.998797774314880371e-01
9.912567734718322754e-01
1.008263826370239258e+00
1.004009842872619629e+00
1.001649975776672363e+00
1.012071847915649414e+00
9.992315769195556641e-01
9.941362738609313965e-01
9.993236064910888672e-01
1.003138542175292969e+00
9.996225237846374512e-01
1.005337715148925781e+00
9.934169650077819824e-01
1.009397268295288086e+00
1.000987052917480469e+00
1.009733438491821289e+00
1.010275483131408691e+00
1.012853145599365234e+00
1.026484012603759766e+00
1.004646778106689453e+00
9.978470206260681152e-01
1.006209254264831543e+00
9.926247000694274902e-01
9.948848485946655273e-01
1.000481724739074707e+00
9.994568824768066406e-01
1.002203464508056641e+00
9.994028806686401367e-01
1.006108641624450684e+00
9.957216382026672363e-01
9.958216547966003418e-01
1.003939509391784668e+00
1.002375125885009766e+00
9.991102218627929688e-01
9.962143898010253906e-01
9.923681616783142090e-01
9.945179224014282227e-01
1.004480123519897461e+00
1.018629550933837891e+00
9.927987456321716309e-01
9.999514222145080566e-01
9.930764436721801758e-01
9.959895610809326172e-01
9.987229108810424805e-01
9.925732612609863281e-01
1.007722258567810059e+00
9.979649186134338379e-01
1.002621412277221680e+00
9.976298809051513672e-01
1.000884413719177246e+00
1.000351428985595703e+00
1.007516384124755859e+00
9.927467703819274902e-01
1.005299329757690430e+00
9.931011795997619629e-01
9.932857155799865723e-01
9.972556233406066895e-01
1.005028247833251953e+00
9.957160353660583496e-01
1.007699251174926758e+00
9.958131313323974609e-01
1.006748199462890625e+00
1.010450839996337891e+00
9.949088096618652344e-01
1.007687568664550781e+00
9.951262474060058594e-01
9.995447397232055664e-01
1.003988027572631836e+00
1.010665774345397949e+00
9.912080764770507812e-01
1.004489660263061523e+00
9.919081330299377441e-01
9.964036941528320312e-01
1.001960873603820801e+00
1.003929972648620605e+00
1.002312898635864258e+00
1.002829551696777344e+00
1.022015213966369629e+00
1.004806637763977051e+00
9.891183376312255859e-01
1.000167965888977051e+00
1.005970835685729980e+00
9.932568669319152832e-01
9.995926618576049805e-01
9.960678815841674805e-01
9.964849948883056641e-01
1.004468679428100586e+00
9.926257729530334473e-01
1.000604152679443359e+00
9.969210624694824219e-01
1.003777503967285156e+00
1.003650307655334473e+00
9.986546039581298828e-01
9.994250535964965820e-01
9.896091818809509277e-01
9.911702871322631836e-01
9.935743808746337891e-01
9.960665702819824219e-01
1.000128507614135742e+00
9.931422472000122070e-01
9.948168396949768066e-01
9.923517107963562012e-01
1.003940582275390625e+00
9.995784759521484375e-01
1.003352165222167969e+00
9.976519942283630371e-01
9.960077404975891113e-01
9.929736852645874023e-01
9.960480928421020508e-01
1.007054686546325684e+00
1.000135660171508789e+00
9.967873096466064453e-01
9.965804815292358398e-01
1.002960324287414551e+00
1.003048539161682129e+00
9.985466003417968750e-01
9.984299540519714355e-01
1.003125667572021484e+00
9.921689629554748535e-01
1.007514715194702148e+00
9.980855584144592285e-01
9.896523952484130859e-01
1.006992816925048828e+00
1.006330847740173340e+00
1.005903005599975586e+00
9.949410557746887207e-01
1.001502156257629395e+00
9.899160861968994141e-01
9.981255531311035156e-01
1.011469364166259766e+00
1.000718474388122559e+00
9.904024600982666016e-01
9.973986744880676270e-01
1.005860328674316406e+00
1.003149628639221191e+00
9.959377646446228027e-01
1.011380910873413086e+00
1.001095652580261230e+00
9.988056421279907227e-01
9.969747662544250488e-01
1.005620121955871582e+00
1.005207061767578125e+00
1.010889291763305664e+00
9.995176792144775391e-01
1.001775264739990234e+00
1.001867771148681641e+00
1.005434870719909668e+00
9.998963475227355957e-01
1.000770926475524902e+00
1.000355839729309082e+00
9.942905306816101074e-01
9.903668761253356934e-01
1.013486742973327637e+00
1.001410245895385742e+00
9.910282492637634277e-01
9.903225302696228027e-01
9.999187588691711426e-01
9.928912520408630371e-01
9.895369410514831543e-01
9.997129440307617188e-01
9.968770742416381836e-01
1.004276275634765625e+00
9.926903843879699707e-01
9.941619634628295898e-01
1.005692243576049805e+00
1.002054929733276367e+00
9.979117512702941895e-01
9.935329556465148926e-01
1.001675367355346680e+00
9.942243099212646484e-01
9.931935667991638184e-01
1.002452969551086426e+00
9.954521059989929199e-01
1.001815915107727051e+00
9.941388964653015137e-01
9.975444078445434570e-01
9.998605251312255859e-01
9.923808574676513672e-01
9.977881312370300293e-01
1.007414698600769043e+00
1.004628658294677734e+00
9.948933720588684082e-01
1.000695347785949707e+00
9.996637701988220215e-01
1.010056614875793457e+00
9.907163381576538086e-01
1.001225948333740234e+00
9.995080232620239258e-01
9.939971566200256348e-01
9.989849328994750977e-01
9.939456582069396973e-01
1.002404570579528809e+00
9.885011315345764160e-01
1.001280665397644043e+00
9.939978718757629395e-01
1.008702754974365234e+00
9.998562335968017578e-01
1.003566741943359375e+00
1.005118489265441895e+00
1.011576890945434570e+00
9.932541847229003906e-01
9.931094050407409668e-01
1.020115613937377930e+00
9.957234859466552734e-01
1.001678466796875000e+00
9.972980022430419922e-01
1.000344753265380859e+00
9.928951263427734375e-01
9.914400577545166016e-01
9.974630475044250488e-01
1.006192803382873535e+00
9.996107220649719238e-01
9.981598258018493652e-01
1.007573366165161133e+00
1.000076174736022949e+00
1.002150297164916992e+00
1.002965688705444336e+00
1.003414511680603027e+00
9.976984262466430664e-01
9.995876550674438477e-01
9.938151836395263672e-01
9.927249550819396973e-01
9.902695417404174805e-01
9.981673955917358398e-01
1.005825519561767578e+00
1.001291155815124512e+00
1.006560802459716797e+00
1.001571774482727051e+00
1.008386969566345215e+00
1.010044574737548828e+00
9.947655200958251953e-01
9.936569333076477051e-01
9.958624839782714844e-01
9.995054006576538086e-01
1.012873291969299316e+00
9.987996816635131836e-01
9.977945685386657715e-01
9.987801909446716309e-01
1.004299283027648926e+00
9.906600117683410645e-01
9.998044967651367188e-01
9.895723462104797363e-01
9.995682239532470703e-01
1.005255699157714844e+00
9.963529706001281738e-01
9.947661757469177246e-01
9.987481832504272461e-01
9.934935569763183594e-01
9.963218569755554199e-01
1.004654765129089355e+00
1.001166105270385742e+00
1.007932186126708984e+00
9.997124075889587402e-01
9.972496032714843750e-01
1.009801030158996582e+00
9.966072440147399902e-01
1.007994413375854492e+00
1.004807114601135254e+00
1.007286310195922852e+00
9.974251985549926758e-01
1.010659933090209961e+00
9.998648762702941895e-01
1.002124071121215820e+00
9.982278943061828613e-01
9.939771294593811035e-01
1.004972577095031738e+00
1.002270102500915527e+00
9.973718523979187012e-01
9.988611936569213867e-01
9.971114993095397949e-01
1.008343458175659180e+00
1.007913827896118164e+00
9.933676719665527344e-01
9.969277381896972656e-01
9.975195527076721191e-01
1.000124096870422363e+00
9.976162314414978027e-01
9.958126544952392578e-01
9.919887185096740723e-01
9.944258332252502441e-01
9.950929284095764160e-01
9.980648159980773926e-01
9.984181523323059082e-01
1.002361536026000977e+00
1.017791628837585449e+00
1.011429548263549805e+00
9.963788986206054688e-01
9.925467371940612793e-01
9.917609691619873047e-01
9.935346245765686035e-01
9.998514056205749512e-01
1.008541584014892578e+00
9.963966012001037598e-01
1.005382180213928223e+00
9.929966926574707031e-01
1.009670853614807129e+00
9.980532526969909668e-01
1.002906322479248047e+00
9.996251463890075684e-01
9.962177276611328125e-01
9.962347149848937988e-01
9.978559613227844238e-01
9.902160763740539551e-01
9.972386956214904785e-01
1.021295666694641113e+00
9.936823844909667969e-01
1.012759089469909668e+00
9.997504353523254395e-01
9.979459047317504883e-01
9.897583127021789551e-01
1.009846329689025879e+00
1.000148415565490723e+00
9.944895505905151367e-01
1.006732225418090820e+00
9.929552078247070312e-01
9.980465173721313477e-01
1.001515507698059082e+00
9.951756596565246582e-01
9.944908022880554199e-01
1.006949663162231445e+00
1.005024433135986328e+00
9.981770515441894531e-01
1.007050037384033203e+00
1.003250479698181152e+00
9.914221167564392090e-01
9.940975308418273926e-01
9.935995936393737793e-01
9.926155209541320801e-01
9.960135817527770996e-01
9.991313815116882324e-01
9.884840846061706543e-01
9.974440932273864746e-01
9.947330355644226074e-01
9.981773495674133301e-01
1.014892339706420898e+00
1.004722714424133301e+00
1.006292104721069336e+00
9.979257583618164062e-01
9.931744933128356934e-01
9.971871376037597656e-01
1.007527351379394531e+00
9.911089539527893066e-01
9.947457909584045410e-01
1.005223751068115234e+00
1.000875830650329590e+00
9.981710910797119141e-01
1.003715157508850098e+00
9.914323687553405762e-01
1.006096363067626953e+00
9.895105361938476562e-01
1.003207683563232422e+00
1.002336502075195312e+00
1.008350014686584473e+00
9.916564226150512695e-01
9.946267604827880859e-01
1.016067266464233398e+00
9.919943809509277344e-01
9.955297112464904785e-01
9.957957267761230469e-01
1.003373622894287109e+00
1.014758706092834473e+00
1.011074304580688477e+00
1.002764344215393066e+00
9.862341284751892090e-01
9.998911023139953613e-01
9.980705380439758301e-01
1.001398205757141113e+00
9.931403994560241699e-01
9.942800998687744141e-01
9.916600584983825684e-01
1.007256627082824707e+00
1.016668438911437988e+00
9.971758723258972168e-01
1.000009655952453613e+00
1.009881138801574707e+00
9.958654642105102539e-01
9.966426491737365723e-01
9.931933879852294922e-01
1.013941168785095215e+00
1.000937819480895996e+00
9.928910136222839355e-01
1.001816749572753906e+00
9.907155036926269531e-01
9.934961199760437012e-01
9.906694293022155762e-01
9.992601275444030762e-01
1.002520442008972168e+00
9.925582408905029297e-01
1.003020524978637695e+00
1.003983736038208008e+00
9.962044358253479004e-01
1.000386357307434082e+00
1.000353097915649414e+00
9.943674802780151367e-01
1.001594543457031250e+00
1.006571292877197266e+00
1.005451083183288574e+00
9.958800673484802246e-01
1.013283729553222656e+00
9.959116578102111816e-01
1.005457162857055664e+00
9.965280294418334961e-01
9.977374672889709473e-01
1.000422954559326172e+00
1.005623102188110352e+00
1.001934766769409180e+00
9.993016719818115234e-01
9.961778521537780762e-01
9.915365576744079590e-01
9.923216700553894043e-01
9.902047514915466309e-01
1.004854083061218262e+00
9.930639266967773438e-01
1.000259041786193848e+00
1.011935234069824219e+00
9.982957839965820312e-01
9.971763491630554199e-01
9.961368441581726074e-01
9.915937781333923340e-01
1.016916036605834961e+00
9.997320175170898438e-01
1.013955950736999512e+00
9.901337027549743652e-01
9.914484620094299316e-01
9.954973459243774414e-01
1.008997082710266113e+00
1.004661798477172852e+00
9.983551502227783203e-01
1.014848828315734863e+00
9.948107600212097168e-01
1.000615954399108887e+00
9.933105707168579102e-01
9.904547929763793945e-01
