1.735981225967407227e+00
2.885437011718750000e+00
9.460160136222839355e-01
1.479513525962829590e+00
1.730750083923339844e+00
1.274010062217712402e+00
1.565555930137634277e+00
1.609441995620727539e+00
1.051294684410095215e+00
1.052627205848693848e+00
1.439952611923217773e+00
1.012205123901367188e+00
1.200856685638427734e+00
2.825979948043823242e+00
1.759334444999694824e+00
1.075184822082519531e+00
1.399976134300231934e+00
1.326434016227722168e+00
7.685332298278808594e-01
1.655232667922973633e+00
2.538821458816528320e+00
1.469964623451232910e+00
1.855793476104736328e+00
1.750770330429077148e+00
2.967164516448974609e+00
1.369558811187744141e+00
1.296877622604370117e+00
1.581896781921386719e+00
2.212971448898315430e+00
1.558089375495910645e+00
2.276607036590576172e+00
1.929449915885925293e+00
1.987112879753112793e+00
8.859282732009887695e-01
1.539658427238464355e+00
1.415024638175964355e+00
1.012783050537109375e+00
1.603547453880310059e+00
3.639139175415039062e+00
3.185576915740966797e+00
2.139943599700927734e+00
1.394241929054260254e+00
1.194662213325500488e+00
1.628910660743713379e+00
1.851308107376098633e+00
1.652395367622375488e+00
2.755281209945678711e+00
1.998641252517700195e+00
2.418517351150512695e+00
1.297844171524047852e+00
2.067187786102294922e+00
1.076767086982727051e+00
2.198568105697631836e+00
1.429270982742309570e+00
1.239404082298278809e+00
1.318108677864074707e+00
1.137239217758178711e+00
1.648289322853088379e+00
1.329103708267211914e+00
2.660346269607543945e+00
2.080931425094604492e+00
1.070400595664978027e+00
1.400019884109497070e+00
2.658819675445556641e+00
2.876723289489746094e+00
1.472776651382446289e+00
1.371829390525817871e+00
1.339720368385314941e+00
1.596708774566650391e+00
1.316639423370361328e+00
1.521743774414062500e+00
1.146966934204101562e+00
1.381761789321899414e+00
2.414256572723388672e+00
1.253750443458557129e+00
1.550364613533020020e+00
1.101075172424316406e+00
1.543012380599975586e+00
1.035825610160827637e+00
3.032720565795898438e+00
1.191449642181396484e+00
1.400275230407714844e+00
1.765393972396850586e+00
1.226390957832336426e+00
9.543266296386718750e-01
1.353394269943237305e+00
2.067270517349243164e+00
1.856268048286437988e+00
1.447222471237182617e+00
1.180318951606750488e+00
1.634840965270996094e+00
1.672640204429626465e+00
2.057285785675048828e+00
2.544306993484497070e+00
7.020300030708312988e-01
1.794382452964782715e+00
1.014764785766601562e+00
9.111639857292175293e-01
9.974859952926635742e-01
1.427372455596923828e+00
2.406666994094848633e+00
1.203681588172912598e+00
2.064245700836181641e+00
1.386764049530029297e+00
1.452419877052307129e+00
2.159238338470458984e+00
2.549003839492797852e+00
1.726160049438476562e+00
1.329168319702148438e+00
1.588898181915283203e+00
1.617569088935852051e+00
2.191765069961547852e+00
1.232700586318969727e+00
1.813389420509338379e+00
5.597692012786865234e+00
8.135901093482971191e-01
1.604123473167419434e+00
1.378731012344360352e+00
1.139322757720947266e+00
1.754037022590637207e+00
1.133403420448303223e+00
3.264500141143798828e+00
2.357698202133178711e+00
1.132018804550170898e+00
2.052268505096435547e+00
1.981073856353759766e+00
1.061759710311889648e+00
2.944024562835693359e+00
