7.398878782987594604e-02
2.129122018814086914e-01
1.202689930796623230e-01
1.460712701082229614e-01
2.118068784475326538e-01
9.160500764846801758e-02
2.280952036380767822e-01
1.140480637550354004e-01
1.769651621580123901e-01
2.162627428770065308e-01
1.064409464597702026e-01
1.432815343141555786e-01
2.090370953083038330e-01
3.587449491024017334e-01
1.859628260135650635e-01
2.202491164207458496e-01
2.195932716131210327e-01
1.081411093473434448e-01
1.696158796548843384e-01
1.668436974287033081e-01
2.543664574623107910e-01
2.553843259811401367e-01
1.297644078731536865e-01
2.279921174049377441e-01
1.926918327808380127e-01
1.267648041248321533e-01
1.291030049324035645e-01
9.451189637184143066e-02
2.025158852338790894e-01
2.552418112754821777e-01
1.372610479593276978e-01
9.779680520296096802e-02
1.084062904119491577e-01
2.038404196500778198e-01
2.155007272958755493e-01
1.240576878190040588e-01
1.454652994871139526e-01
2.546524405479431152e-01
3.474046587944030762e-01
3.231373727321624756e-01
2.835804224014282227e-01
2.295905202627182007e-01
7.749237865209579468e-02
3.471971154212951660e-01
1.989244818687438965e-01
1.222967132925987244e-01
4.336083233356475830e-01
2.646235227584838867e-01
2.739991843700408936e-01
8.286193013191223145e-02
1.442603021860122681e-01
6.544143706560134888e-02
2.037712782621383667e-01
2.402671426534652710e-01
1.523663699626922607e-01
2.149306535720825195e-01
3.983204960823059082e-01
1.096000149846076965e-01
1.443044394254684448e-01
2.204554527997970581e-01
1.802955418825149536e-01
2.646923661231994629e-01
3.453752100467681885e-01
1.441554427146911621e-01
