2.285857051610946655e-01
2.879104018211364746e-01
3.050590157508850098e-01
1.498360186815261841e-01
1.902537345886230469e-01
2.182746231555938721e-01
2.890719771385192871e-01
2.313598394393920898e-01
2.533425688743591309e-01
1.747858375310897827e-01
3.537313044071197510e-01
2.132762670516967773e-01
2.467400729656219482e-01
2.783161997795104980e-01
3.386973142623901367e-01
1.979795545339584351e-01
2.331337332725524902e-01
2.122920006513595581e-01
1.577953845262527466e-01
2.203084081411361694e-01
1.646357774734497070e-01
2.529530823230743408e-01
1.247607767581939697e-01
2.881802022457122803e-01
3.173022568225860596e-01
3.158653080463409424e-01
2.322024703025817871e-01
1.207013800740242004e-01
2.703747749328613281e-01
1.686041504144668579e-01
1.319788843393325806e-01
2.419686466455459595e-01
2.151156067848205566e-01
2.670967876911163330e-01
2.974303960800170898e-01
2.044484019279479980e-01
1.221204847097396851e-01
1.693886071443557739e-01
2.652167677879333496e-01
2.962389886379241943e-01
1.690019369125366211e-01
3.094814419746398926e-01
3.874657750129699707e-01
1.920203119516372681e-01
2.407077550888061523e-01
1.940676718950271606e-01
1.092714145779609680e-01
1.587274670600891113e-01
1.490717828273773193e-01
1.190992221236228943e-01
1.487996727228164673e-01
1.231521293520927429e-01
2.408210337162017822e-01
1.438636630773544312e-01
2.328661382198333740e-01
2.450212240219116211e-01
1.848082095384597778e-01
1.670007556676864624e-01
1.664364635944366455e-01
2.173309624195098877e-01
2.766060829162597656e-01
2.975317239761352539e-01
2.950696051120758057e-01
2.144190073013305664e-01
3.242259323596954346e-01
1.369597613811492920e-01
2.702438533306121826e-01
2.354134321212768555e-01
1.358944922685623169e-01
3.925020992755889893e-01
2.119382172822952271e-01
3.464857041835784912e-01
2.287955731153488159e-01
3.115606904029846191e-01
2.376168072223663330e-01
2.925643324851989746e-01
4.423735141754150391e-01
1.430568248033523560e-01
3.781752288341522217e-01
3.145592510700225830e-01
2.741670310497283936e-01
1.926718801259994507e-01
2.714247405529022217e-01
1.070326864719390869e-01
2.929944694042205811e-01
3.757924437522888184e-01
2.257419377565383911e-01
1.924208104610443115e-01
1.738935112953186035e-01
1.683446466922760010e-01
2.277337610721588135e-01
1.808638125658035278e-01
2.508955597877502441e-01
3.286998271942138672e-01
1.331858336925506592e-01
1.758569926023483276e-01
1.630022525787353516e-01
1.222844868898391724e-01
1.985724568367004395e-01
3.089126646518707275e-01
2.110160142183303833e-01
2.373156696557998657e-01
2.301970422267913818e-01
1.591954380273818970e-01
1.317188739776611328e-01
1.906566917896270752e-01
2.034950703382492065e-01
2.286465317010879517e-01
1.579238623380661011e-01
2.262668460607528687e-01
2.391030341386795044e-01
1.791794598102569580e-01
3.559640049934387207e-01
3.360651731491088867e-01
2.341241240501403809e-01
2.687831819057464600e-01
1.731815934181213379e-01
1.970937699079513550e-01
2.929932773113250732e-01
2.195681333541870117e-01
2.657881677150726318e-01
2.600827813148498535e-01
2.056630402803421021e-01
1.774307936429977417e-01
3.436444103717803955e-01
1.360314041376113892e-01
1.278051882982254028e-01
1.318644285202026367e-01
2.519075274467468262e-01
2.391972988843917847e-01
2.441255599260330200e-01
1.952430307865142822e-01
2.512703835964202881e-01
1.886088550090789795e-01
2.481068074703216553e-01
3.852861225605010986e-01
2.365657091140747070e-01
1.490756124258041382e-01
2.702594697475433350e-01
2.403054386377334595e-01
2.634254693984985352e-01
1.680099070072174072e-01
1.219045892357826233e-01
1.916954815387725830e-01
2.471587955951690674e-01
2.049585133790969849e-01
1.748079210519790649e-01
2.858362495899200439e-01
3.337489068508148193e-01
2.336928993463516235e-01
2.369957119226455688e-01
1.927360743284225464e-01
1.172592267394065857e-01
1.376668661832809448e-01
2.946329414844512939e-01
1.555522680282592773e-01
1.363696157932281494e-01
2.919041514396667480e-01
2.695694267749786377e-01
2.630152106285095215e-01
2.592259049415588379e-01
2.404965162277221680e-01
1.384322792291641235e-01
1.852159053087234497e-01
2.079371213912963867e-01
1.517085433006286621e-01
3.793654739856719971e-01
2.156266123056411743e-01
1.827243715524673462e-01
2.574900686740875244e-01
2.005825638771057129e-01
1.566279083490371704e-01
1.550203561782836914e-01
2.495036423206329346e-01
2.262886613607406616e-01
2.201251834630966187e-01
1.298317313194274902e-01
1.431839466094970703e-01
2.164376527070999146e-01
2.239775359630584717e-01
2.554031014442443848e-01
2.531070113182067871e-01
2.318245768547058105e-01
1.421908289194107056e-01
3.196752965450286865e-01
2.357903867959976196e-01
1.889062374830245972e-01
1.967642605304718018e-01
9.993877261877059937e-02
1.946815997362136841e-01
3.302417993545532227e-01
3.617005050182342529e-01
2.644343674182891846e-01
2.927453219890594482e-01
2.077565938234329224e-01
3.053651750087738037e-01
2.362256199121475220e-01
1.570473611354827881e-01
2.445173263549804688e-01
2.151031643152236938e-01
3.034524321556091309e-01
2.059898078441619873e-01
2.306266874074935913e-01
3.159534633159637451e-01
1.980024576187133789e-01
1.947272717952728271e-01
2.136025279760360718e-01
2.424938380718231201e-01
2.941653132438659668e-01
2.988067865371704102e-01
1.095558702945709229e-01
2.835108637809753418e-01
4.673695862293243408e-01
1.556438356637954712e-01
2.826173901557922363e-01
3.104254305362701416e-01
1.240930929780006409e-01
2.098582386970520020e-01
2.109737396240234375e-01
2.807067632675170898e-01
1.233652457594871521e-01
2.354000955820083618e-01
1.495454609394073486e-01
3.161136507987976074e-01
1.742118597030639648e-01
2.662668228149414062e-01
1.760029047727584839e-01
1.476040035486221313e-01
2.621118426322937012e-01
1.411589831113815308e-01
3.371125757694244385e-01
2.209159880876541138e-01
1.977844089269638062e-01
2.219618409872055054e-01
1.721617728471755981e-01
2.105111926794052124e-01
3.215903639793395996e-01
1.334714591503143311e-01
2.983467280864715576e-01
1.773947626352310181e-01
2.359145581722259521e-01
2.126467674970626831e-01
2.062209993600845337e-01
1.638066917657852173e-01
2.390824556350708008e-01
1.929739713668823242e-01
1.948715448379516602e-01
2.287318706512451172e-01
1.369447410106658936e-01
1.951340436935424805e-01
2.415866553783416748e-01
1.983866989612579346e-01
2.483382374048233032e-01
1.134703233838081360e-01
2.193325906991958618e-01
3.059225976467132568e-01
1.283911466598510742e-01
2.914469838142395020e-01
3.566342592239379883e-01
1.492324620485305786e-01
3.230992555618286133e-01
2.637220025062561035e-01
2.396980971097946167e-01
1.630551218986511230e-01
2.490250468254089355e-01
1.958249509334564209e-01
1.818292737007141113e-01
2.126754373311996460e-01
2.633102536201477051e-01
1.042541936039924622e-01
1.959928721189498901e-01
2.415881603956222534e-01
2.215496152639389038e-01
1.373563557863235474e-01
3.151803314685821533e-01
1.663391441106796265e-01
1.165577769279479980e-01
1.604013592004776001e-01
1.387999802827835083e-01
2.848108112812042236e-01
2.415461838245391846e-01
1.906270235776901245e-01
2.100573778152465820e-01
1.949144601821899414e-01
2.637606561183929443e-01
1.476697623729705811e-01
1.949307322502136230e-01
2.030148804187774658e-01
2.427791357040405273e-01
2.202061414718627930e-01
2.361037433147430420e-01
2.279579490423202515e-01
1.784811615943908691e-01
1.751225888729095459e-01
2.955500781536102295e-01
1.683133840560913086e-01
2.875876426696777344e-01
2.909195125102996826e-01
2.989338040351867676e-01
2.511137127876281738e-01
2.939741015434265137e-01
1.828801482915878296e-01
2.890850007534027100e-01
2.827485501766204834e-01
1.515657901763916016e-01
1.926039159297943115e-01
1.843607425689697266e-01
2.031180709600448608e-01
1.223912388086318970e-01
1.399388164281845093e-01
2.027357518672943115e-01
1.884698867797851562e-01
3.218892216682434082e-01
4.183181524276733398e-01
3.358289003372192383e-01
2.052878588438034058e-01
1.840346157550811768e-01
2.755436897277832031e-01
3.030184209346771240e-01
1.392468214035034180e-01
1.745760589838027954e-01
2.348133772611618042e-01
2.173246443271636963e-01
2.590430080890655518e-01
4.062149524688720703e-01
3.752305507659912109e-01
2.134159952402114868e-01
3.523709475994110107e-01
3.199487030506134033e-01
1.560265421867370605e-01
2.514634728431701660e-01
1.431633830070495605e-01
3.230656385421752930e-01
1.177973374724388123e-01
1.950095146894454956e-01
2.424758374691009521e-01
1.575196832418441772e-01
1.942357569932937622e-01
1.970033198595046997e-01
2.612530291080474854e-01
1.044879779219627380e-01
2.138098776340484619e-01
1.557514816522598267e-01
3.674150109291076660e-01
2.349881231784820557e-01
2.332001477479934692e-01
3.139555454254150391e-01
1.791584789752960205e-01
3.085540831089019775e-01
2.038457840681076050e-01
1.459299474954605103e-01
1.674464493989944458e-01
1.684245467185974121e-01
2.728982865810394287e-01
1.648765355348587036e-01
1.328865587711334229e-01
1.914433687925338745e-01
3.366372287273406982e-01
1.411291807889938354e-01
1.521679461002349854e-01
1.647363752126693726e-01
2.226651012897491455e-01
1.403052806854248047e-01
1.162408813834190369e-01
1.596793085336685181e-01
2.429098933935165405e-01
2.015529125928878784e-01
2.761958539485931396e-01
2.669937610626220703e-01
2.777433991432189941e-01
2.390414327383041382e-01
2.366421222686767578e-01
1.590989530086517334e-01
1.795732676982879639e-01
1.383374780416488647e-01
2.735649645328521729e-01
1.578196883201599121e-01
1.963287442922592163e-01
2.997820079326629639e-01
2.087726294994354248e-01
1.988171786069869995e-01
2.098812460899353027e-01
1.280401796102523804e-01
1.888555735349655151e-01
3.048787713050842285e-01
2.048078924417495728e-01
2.495219111442565918e-01
2.172121405601501465e-01
1.686150431632995605e-01
3.012827336788177490e-01
1.424186825752258301e-01
1.640513092279434204e-01
2.490976601839065552e-01
2.310452759265899658e-01
2.550622820854187012e-01
1.823067665100097656e-01
2.315991520881652832e-01
2.216656357049942017e-01
2.135726809501647949e-01
1.494548469781875610e-01
2.818270921707153320e-01
1.497777402400970459e-01
2.456525266170501709e-01
1.870957762002944946e-01
3.780052959918975830e-01
1.778146028518676758e-01
2.047000825405120850e-01
1.665852665901184082e-01
2.065017968416213989e-01
3.370915055274963379e-01
2.085185647010803223e-01
2.417134493589401245e-01
2.053283154964447021e-01
1.363546848297119141e-01
2.830210030078887939e-01
2.422487884759902954e-01
2.030207514762878418e-01
3.355609774589538574e-01
2.088890075683593750e-01
1.885616928339004517e-01
3.274448215961456299e-01
2.201775163412094116e-01
1.638993173837661743e-01
3.483347892761230469e-01
2.078136652708053589e-01
1.744317263364791870e-01
2.735352218151092529e-01
2.333617210388183594e-01
2.275462001562118530e-01
1.675820797681808472e-01
1.814673542976379395e-01
2.022749185562133789e-01
2.310241013765335083e-01
2.921188175678253174e-01
4.121634364128112793e-01
2.810858786106109619e-01
2.038268595933914185e-01
3.067814409732818604e-01
2.901101112365722656e-01
3.141061961650848389e-01
3.466867506504058838e-01
1.538202911615371704e-01
2.256164252758026123e-01
2.262790799140930176e-01
1.398950219154357910e-01
1.682435274124145508e-01
2.590752542018890381e-01
2.388143837451934814e-01
3.262758851051330566e-01
2.696213126182556152e-01
2.640072107315063477e-01
2.729204595088958740e-01
1.414795964956283569e-01
2.430173605680465698e-01
2.261490523815155029e-01
2.020368874073028564e-01
1.465927958488464355e-01
1.893288493156433105e-01
3.633480668067932129e-01
3.162568807601928711e-01
2.646242678165435791e-01
2.536567449569702148e-01
2.558136880397796631e-01
1.643519252538681030e-01
1.275058984756469727e-01
3.612004220485687256e-01
1.883787363767623901e-01
2.307706177234649658e-01
1.847973018884658813e-01
3.603459894657135010e-01
2.103071659803390503e-01
1.271676868200302124e-01
1.567644625902175903e-01
3.787466883659362793e-01
2.034939825534820557e-01
1.832116395235061646e-01
2.003486752510070801e-01
3.106411993503570557e-01
1.725199967622756958e-01
1.380639672279357910e-01
3.622152805328369141e-01
2.248896360397338867e-01
1.397581398487091064e-01
2.094599902629852295e-01
8.971709012985229492e-02
2.200049459934234619e-01
2.383043617010116577e-01
3.341808021068572998e-01
1.260596662759780884e-01
2.747708857059478760e-01
1.767307221889495850e-01
3.103743195533752441e-01
1.181957051157951355e-01
3.702211678028106689e-01
1.812804341316223145e-01
1.214707717299461365e-01
1.959793269634246826e-01
1.567679643630981445e-01
2.397217601537704468e-01
2.081433236598968506e-01
3.083157241344451904e-01
2.616354823112487793e-01
2.346576452255249023e-01
2.355390340089797974e-01
1.384989172220230103e-01
1.638038456439971924e-01
1.687220931053161621e-01
3.277360796928405762e-01
2.279945462942123413e-01
1.794099062681198120e-01
1.748203784227371216e-01
1.922008991241455078e-01
