1.000002026557922363e+00
1.001757383346557617e+00
1.001552700996398926e+00
1.001251339912414551e+00
9.997619986534118652e-01
1.002731800079345703e+00
9.999036788940429688e-01
1.000537991523742676e+00
9.978456497192382812e-01
1.001751303672790527e+00
9.989415407180786133e-01
9.986209273338317871e-01
1.000077128410339355e+00
9.993947148323059082e-01
1.000833868980407715e+00
9.996926784515380859e-01
1.001557111740112305e+00
1.001918196678161621e+00
1.000057697296142578e+00
1.000073194503784180e+00
9.999012351036071777e-01
1.001143217086791992e+00
9.994043111801147461e-01
1.000772833824157715e+00
1.000780820846557617e+00
9.998289942741394043e-01
1.001003861427307129e+00
9.999265074729919434e-01
1.000115871429443359e+00
9.998190402984619141e-01
1.000083804130554199e+00
1.002612233161926270e+00
1.000157594680786133e+00
9.989559650421142578e-01
9.995482563972473145e-01
1.000718474388122559e+00
9.998228549957275391e-01
1.000347495079040527e+00
9.984849095344543457e-01
9.994496107101440430e-01
9.983420372009277344e-01
1.000271677970886230e+00
9.979929327964782715e-01
9.999454617500305176e-01
9.998856186866760254e-01
1.001502752304077148e+00
9.993035793304443359e-01
1.002576351165771484e+00
1.000635862350463867e+00
9.984734654426574707e-01
1.000889062881469727e+00
9.979056119918823242e-01
1.000487804412841797e+00
1.001224279403686523e+00
1.000885367393493652e+00
9.985250830650329590e-01
9.999849200248718262e-01
1.000512361526489258e+00
1.000588774681091309e+00
1.000061869621276855e+00
9.999129176139831543e-01
1.000356674194335938e+00
9.997723698616027832e-01
1.000372886657714844e+00
9.984717965126037598e-01
1.000006318092346191e+00
9.997490048408508301e-01
1.000139236450195312e+00
1.001917958259582520e+00
9.983659982681274414e-01
1.000348925590515137e+00
1.000548005104064941e+00
1.000072717666625977e+00
1.000223517417907715e+00
9.977197051048278809e-01
9.998978972434997559e-01
9.997797608375549316e-01
1.000045657157897949e+00
1.001113176345825195e+00
9.998839497566223145e-01
9.963867664337158203e-01
1.000476837158203125e+00
9.997287988662719727e-01
9.990283250808715820e-01
1.000597834587097168e+00
9.992378354072570801e-01
9.999503493309020996e-01
1.000519871711730957e+00
9.989562034606933594e-01
1.000447511672973633e+00
1.000325322151184082e+00
9.996560215950012207e-01
1.000583052635192871e+00
1.000355482101440430e+00
1.000194668769836426e+00
9.975535869598388672e-01
1.000111818313598633e+00
1.001431822776794434e+00
1.000354290008544922e+00
9.993541836738586426e-01
9.996849298477172852e-01
9.991232752799987793e-01
9.993592500686645508e-01
9.988021850585937500e-01
1.001643538475036621e+00
1.000738143920898438e+00
1.000259876251220703e+00
9.996081590652465820e-01
9.985560178756713867e-01
9.992212057113647461e-01
1.001432180404663086e+00
9.997063875198364258e-01
1.001016139984130859e+00
1.000298738479614258e+00
1.000188589096069336e+00
9.998729228973388672e-01
1.000152826309204102e+00
9.997935295104980469e-01
9.999504685401916504e-01
1.000024318695068359e+00
9.998883605003356934e-01
1.000280976295471191e+00
9.984513521194458008e-01
9.999735355377197266e-01
9.983080625534057617e-01
1.000138640403747559e+00
9.992199540138244629e-01
9.978354573249816895e-01
1.000497221946716309e+00
1.001324057579040527e+00
1.003521919250488281e+00
1.000766038894653320e+00
9.995131492614746094e-01
1.001672029495239258e+00
9.994183182716369629e-01
9.985774159431457520e-01
1.000803947448730469e+00
9.993965625762939453e-01
9.992839694023132324e-01
9.997545480728149414e-01
1.000840783119201660e+00
9.998874068260192871e-01
9.999253749847412109e-01
9.996483922004699707e-01
9.994487762451171875e-01
1.000514864921569824e+00
1.000010490417480469e+00
9.998431801795959473e-01
9.998853206634521484e-01
9.992066621780395508e-01
1.000111579895019531e+00
9.997550249099731445e-01
9.988246560096740723e-01
9.965472221374511719e-01
1.000036597251892090e+00
9.991278052330017090e-01
9.992099404335021973e-01
1.001256465911865234e+00
9.999002218246459961e-01
1.000857591629028320e+00
1.000294089317321777e+00
9.998119473457336426e-01
1.000647425651550293e+00
9.992941021919250488e-01
1.000512838363647461e+00
1.000603914260864258e+00
1.000006318092346191e+00
9.994266033172607422e-01
9.984309077262878418e-01
9.995859265327453613e-01
1.000486731529235840e+00
9.996100068092346191e-01
9.993655085563659668e-01
9.988692402839660645e-01
1.000176787376403809e+00
1.000926256179809570e+00
9.998760819435119629e-01
9.991718530654907227e-01
1.000249266624450684e+00
1.001137137413024902e+00
1.000220179557800293e+00
9.992565512657165527e-01
9.994602203369140625e-01
1.000635385513305664e+00
1.000766634941101074e+00
9.998428821563720703e-01
9.995407462120056152e-01
1.000259280204772949e+00
1.000100374221801758e+00
1.001126050949096680e+00
1.001415252685546875e+00
9.982469081878662109e-01
9.988135695457458496e-01
1.000074625015258789e+00
9.987313151359558105e-01
9.996675252914428711e-01
1.000604748725891113e+00
1.001637935638427734e+00
9.988818764686584473e-01
1.000988125801086426e+00
1.001016855239868164e+00
1.000232338905334473e+00
1.000995397567749023e+00
1.000239133834838867e+00
9.993562102317810059e-01
1.000263810157775879e+00
9.993281364440917969e-01
1.000000953674316406e+00
1.000192046165466309e+00
1.000107526779174805e+00
9.985971450805664062e-01
9.996954798698425293e-01
1.000460505485534668e+00
9.996309876441955566e-01
9.984100461006164551e-01
9.993685483932495117e-01
9.990829825401306152e-01
9.996952414512634277e-01
9.988999962806701660e-01
1.001765727996826172e+00
1.002346038818359375e+00
1.000334382057189941e+00
1.001338005065917969e+00
9.997504353523254395e-01
1.000042557716369629e+00
9.987320303916931152e-01
1.000315308570861816e+00
9.979014992713928223e-01
9.998171329498291016e-01
1.000085473060607910e+00
9.980989694595336914e-01
1.000524044036865234e+00
9.996125698089599609e-01
1.001289963722229004e+00
9.981035590171813965e-01
1.000068783760070801e+00
9.982017874717712402e-01
1.002211928367614746e+00
9.993954896926879883e-01
1.000771164894104004e+00
9.969695210456848145e-01
9.990539550781250000e-01
9.987807273864746094e-01
9.981269240379333496e-01
9.989757537841796875e-01
1.000179886817932129e+00
1.001699805259704590e+00
9.999778270721435547e-01
9.987015724182128906e-01
9.991573095321655273e-01
9.988350868225097656e-01
1.000203490257263184e+00
9.998783469200134277e-01
1.000216603279113770e+00
1.001067399978637695e+00
9.993658661842346191e-01
1.001017212867736816e+00
9.991934895515441895e-01
9.992223978042602539e-01
9.993476271629333496e-01
1.000121831893920898e+00
1.000396609306335449e+00
1.000050067901611328e+00
9.991211295127868652e-01
1.000632762908935547e+00
9.990546703338623047e-01
9.961121678352355957e-01
1.003412604331970215e+00
9.999711513519287109e-01
9.994868636131286621e-01
9.997376799583435059e-01
9.991696476936340332e-01
9.994139671325683594e-01
9.990851283073425293e-01
9.994397163391113281e-01
9.996826648712158203e-01
9.987630248069763184e-01
1.001331448554992676e+00
9.996374249458312988e-01
1.000345945358276367e+00
1.000764369964599609e+00
9.998224377632141113e-01
9.989981055259704590e-01
1.000453352928161621e+00
9.985673427581787109e-01
9.986118674278259277e-01
9.999341964721679688e-01
9.994174242019653320e-01
1.000213623046875000e+00
9.990614652633666992e-01
9.975287318229675293e-01
9.993861913681030273e-01
9.998278021812438965e-01
9.975203871726989746e-01
9.995496273040771484e-01
1.000025629997253418e+00
1.000079274177551270e+00
9.999374747276306152e-01
9.978234767913818359e-01
1.001579523086547852e+00
1.000554680824279785e+00
9.992018342018127441e-01
1.000051379203796387e+00
1.000502943992614746e+00
9.995438456535339355e-01
9.998636841773986816e-01
9.997960925102233887e-01
9.993419051170349121e-01
9.984629154205322266e-01
1.001206398010253906e+00
9.992066025733947754e-01
1.000356554985046387e+00
1.000064730644226074e+00
1.000113368034362793e+00
9.981228709220886230e-01
1.001441121101379395e+00
1.000749588012695312e+00
9.996244311332702637e-01
1.000804781913757324e+00
1.000036716461181641e+00
9.991222023963928223e-01
9.993522167205810547e-01
1.000926375389099121e+00
1.000413179397583008e+00
9.996394515037536621e-01
9.996765851974487305e-01
1.002248644828796387e+00
1.000223159790039062e+00
9.986806511878967285e-01
1.000282645225524902e+00
9.992026686668395996e-01
1.000530242919921875e+00
9.984035491943359375e-01
9.999039769172668457e-01
1.000474095344543457e+00
1.000849962234497070e+00
1.000520348548889160e+00
9.995190501213073730e-01
9.994735121726989746e-01
9.992328286170959473e-01
9.998220801353454590e-01
1.000789999961853027e+00
1.001633405685424805e+00
9.997389316558837891e-01
9.998107552528381348e-01
1.000218272209167480e+00
1.001199960708618164e+00
1.000252723693847656e+00
1.000780105590820312e+00
1.002471566200256348e+00
9.990236759185791016e-01
1.002309203147888184e+00
1.000158786773681641e+00
9.999549388885498047e-01
1.001359343528747559e+00
1.000587582588195801e+00
9.991913437843322754e-01
1.000742435455322266e+00
1.002593278884887695e+00
9.985610246658325195e-01
1.000340223312377930e+00
9.995941519737243652e-01
9.997748136520385742e-01
1.000680685043334961e+00
1.000631213188171387e+00
1.000531435012817383e+00
9.979046583175659180e-01
1.000980257987976074e+00
9.991382956504821777e-01
1.000308632850646973e+00
9.993783831596374512e-01
9.995648264884948730e-01
1.000631928443908691e+00
1.000222086906433105e+00
9.994831681251525879e-01
1.000836849212646484e+00
1.000421762466430664e+00
9.984964132308959961e-01
9.987890720367431641e-01
1.001408934593200684e+00
9.983770847320556641e-01
9.997750520706176758e-01
1.000081062316894531e+00
1.000143289566040039e+00
9.994783997535705566e-01
9.998413920402526855e-01
9.982046484947204590e-01
9.988104701042175293e-01
1.002073287963867188e+00
1.001357316970825195e+00
1.000689744949340820e+00
1.001159667968750000e+00
1.000010371208190918e+00
9.997211694717407227e-01
1.000017046928405762e+00
1.000721812248229980e+00
1.000643372535705566e+00
1.000390648841857910e+00
1.000462412834167480e+00
1.001105070114135742e+00
9.980551004409790039e-01
1.000039577484130859e+00
9.987928867340087891e-01
9.974722266197204590e-01
1.000153541564941406e+00
9.992914795875549316e-01
9.995403289794921875e-01
9.995313286781311035e-01
1.000171899795532227e+00
9.998840689659118652e-01
9.987353682518005371e-01
9.980531930923461914e-01
9.985321164131164551e-01
9.992004036903381348e-01
9.999558329582214355e-01
1.002133369445800781e+00
9.976194500923156738e-01
9.992107748985290527e-01
9.997837543487548828e-01
9.992510080337524414e-01
1.002020001411437988e+00
1.000211954116821289e+00
1.000415205955505371e+00
1.000056624412536621e+00
1.000500917434692383e+00
1.000117421150207520e+00
1.001295685768127441e+00
1.000618338584899902e+00
9.998990297317504883e-01
1.002727031707763672e+00
1.000341296195983887e+00
1.000058531761169434e+00
1.000028371810913086e+00
9.980416297912597656e-01
9.998775124549865723e-01
9.996975660324096680e-01
9.998279809951782227e-01
1.002381086349487305e+00
9.995834231376647949e-01
9.981322884559631348e-01
9.996013641357421875e-01
1.000327706336975098e+00
1.002617001533508301e+00
1.000005841255187988e+00
1.001151561737060547e+00
9.990236163139343262e-01
9.986791610717773438e-01
1.000364661216735840e+00
1.000102758407592773e+00
1.001749038696289062e+00
1.001901268959045410e+00
9.998564720153808594e-01
1.000474095344543457e+00
1.000222325325012207e+00
9.994476437568664551e-01
9.997943639755249023e-01
1.000037312507629395e+00
9.997175335884094238e-01
1.000246882438659668e+00
1.000187039375305176e+00
1.001429438591003418e+00
9.994292259216308594e-01
9.992444515228271484e-01
9.994938373565673828e-01
1.000583767890930176e+00
9.983502626419067383e-01
1.000477671623229980e+00
1.001245617866516113e+00
1.000143766403198242e+00
1.001596093177795410e+00
9.997792840003967285e-01
9.993892312049865723e-01
9.999244213104248047e-01
9.986922740936279297e-01
9.997034072875976562e-01
1.001046657562255859e+00
1.000410079956054688e+00
9.995464086532592773e-01
9.982103705406188965e-01
1.000343799591064453e+00
9.990850687026977539e-01
1.001073718070983887e+00
1.001593232154846191e+00
9.999867081642150879e-01
9.994102120399475098e-01
1.000635504722595215e+00
9.992558956146240234e-01
9.994492530822753906e-01
9.987198710441589355e-01
1.004014849662780762e+00
1.000035762786865234e+00
9.989812970161437988e-01
9.980420470237731934e-01
1.000059127807617188e+00
9.982866048812866211e-01
1.000140428543090820e+00
1.000463128089904785e+00
1.002003192901611328e+00
9.982017278671264648e-01
1.000307440757751465e+00
1.000173330307006836e+00
1.000966429710388184e+00
9.999503493309020996e-01
1.000483989715576172e+00
1.000049352645874023e+00
1.000013589859008789e+00
9.993995428085327148e-01
1.000513911247253418e+00
9.991599321365356445e-01
9.994736909866333008e-01
1.000248312950134277e+00
9.997539520263671875e-01
1.000663161277770996e+00
1.000145316123962402e+00
9.993109107017517090e-01
9.984594583511352539e-01
1.001697421073913574e+00
1.001773238182067871e+00
9.993591904640197754e-01
1.000197052955627441e+00
1.001464366912841797e+00
1.001619935035705566e+00
9.983151555061340332e-01
9.997556209564208984e-01
9.987074732780456543e-01
1.000056624412536621e+00
1.000362873077392578e+00
1.000051975250244141e+00
1.000897526741027832e+00
9.994868040084838867e-01
9.999597668647766113e-01
9.996455311775207520e-01
9.999885559082031250e-01
9.996535181999206543e-01
9.995573759078979492e-01
9.997642040252685547e-01
9.995821118354797363e-01
1.001233458518981934e+00
9.994484186172485352e-01
9.990593194961547852e-01
1.001204133033752441e+00
9.998474121093750000e-01
9.996905922889709473e-01
1.000602126121520996e+00
9.983184933662414551e-01
1.000168085098266602e+00
1.000483751296997070e+00
9.995810389518737793e-01
9.987095594406127930e-01
9.981047511100769043e-01
1.000433683395385742e+00
9.999856352806091309e-01
9.998308420181274414e-01
1.000163912773132324e+00
9.990900754928588867e-01
9.987332224845886230e-01
1.000637412071228027e+00
1.000474929809570312e+00
9.999802708625793457e-01
9.980215430259704590e-01
1.004044055938720703e+00
9.999288916587829590e-01
9.981065392494201660e-01
9.995250105857849121e-01
1.000021696090698242e+00
1.001012563705444336e+00
1.001101374626159668e+00
1.002355575561523438e+00
9.998877048492431641e-01
9.995406866073608398e-01
1.000662088394165039e+00
1.000101923942565918e+00
9.992254376411437988e-01
1.001309037208557129e+00
1.000418663024902344e+00
9.979118704795837402e-01
1.001066207885742188e+00
9.996167421340942383e-01
1.000073671340942383e+00
1.000416874885559082e+00
9.998202919960021973e-01
1.002752065658569336e+00
9.997340440750122070e-01
9.974439740180969238e-01
1.002192497253417969e+00
9.990275502204895020e-01
9.984200596809387207e-01
1.000168085098266602e+00
1.001098155975341797e+00
9.971631169319152832e-01
1.000164866447448730e+00
1.001895904541015625e+00
1.000192880630493164e+00
1.001435041427612305e+00
1.000198006629943848e+00
9.998928904533386230e-01
9.991015195846557617e-01
9.996542334556579590e-01
1.000433206558227539e+00
9.999210238456726074e-01
9.986078739166259766e-01
1.000126481056213379e+00
1.000269174575805664e+00
1.001692175865173340e+00
1.000219821929931641e+00
9.999523758888244629e-01
9.987799525260925293e-01
1.000961303710937500e+00
9.995933771133422852e-01
1.009658336639404297e+00
1.001102089881896973e+00
1.000192999839782715e+00
1.000042915344238281e+00
9.992969632148742676e-01
9.990565180778503418e-01
1.001876235008239746e+00
1.003017187118530273e+00
9.996506571769714355e-01
1.001272797584533691e+00
9.999383687973022461e-01
9.987894296646118164e-01
1.000431060791015625e+00
9.992837905883789062e-01
9.993618130683898926e-01
9.969890117645263672e-01
1.000875473022460938e+00
1.000523209571838379e+00
1.000154733657836914e+00
9.999041557312011719e-01
1.001131653785705566e+00
1.001033782958984375e+00
9.999385476112365723e-01
1.001099109649658203e+00
9.987626671791076660e-01
9.996754527091979980e-01
1.000808715820312500e+00
9.990893006324768066e-01
1.000442147254943848e+00
1.002003431320190430e+00
9.989861249923706055e-01
1.000362753868103027e+00
9.995546340942382812e-01
1.002328634262084961e+00
1.000048995018005371e+00
9.997995495796203613e-01
1.000465869903564453e+00
9.998764395713806152e-01
9.995852708816528320e-01
9.991121888160705566e-01
1.002916932106018066e+00
9.981577396392822266e-01
1.000553250312805176e+00
9.997492432594299316e-01
9.979524016380310059e-01
1.000337362289428711e+00
9.997856020927429199e-01
1.000570535659790039e+00
9.988420605659484863e-01
1.000576138496398926e+00
9.981536865234375000e-01
1.000134825706481934e+00
9.992173314094543457e-01
9.992784857749938965e-01
9.994605779647827148e-01
9.987512826919555664e-01
1.000090479850769043e+00
9.995034337043762207e-01
1.001286864280700684e+00
1.000147581100463867e+00
1.001245260238647461e+00
9.982938766479492188e-01
9.999896883964538574e-01
9.986066222190856934e-01
9.999611973762512207e-01
1.000511169433593750e+00
9.985265135765075684e-01
1.000711202621459961e+00
9.993794560432434082e-01
1.000490903854370117e+00
1.001153111457824707e+00
9.983953237533569336e-01
1.001407861709594727e+00
1.000006198883056641e+00
1.001109004020690918e+00
9.995962977409362793e-01
9.990754127502441406e-01
9.997889399528503418e-01
9.998895525932312012e-01
9.993120431900024414e-01
9.999113082885742188e-01
1.000097513198852539e+00
9.983777403831481934e-01
9.987770915031433105e-01
9.985654354095458984e-01
9.996343255043029785e-01
1.000361561775207520e+00
9.978664517402648926e-01
9.997870326042175293e-01
1.001205801963806152e+00
9.979774355888366699e-01
1.001342296600341797e+00
9.978919029235839844e-01
1.000987291336059570e+00
1.000058054924011230e+00
1.000888228416442871e+00
1.000214219093322754e+00
1.000096321105957031e+00
1.001019954681396484e+00
1.001982331275939941e+00
9.996398091316223145e-01
1.004516124725341797e+00
9.998349547386169434e-01
1.000201225280761719e+00
9.989949464797973633e-01
1.001151204109191895e+00
1.000299334526062012e+00
1.000796914100646973e+00
9.995768070220947266e-01
1.001676440238952637e+00
9.987170100212097168e-01
1.000183343887329102e+00
9.998917579650878906e-01
9.997388720512390137e-01
9.999881386756896973e-01
1.000644326210021973e+00
9.978244900703430176e-01
9.994034767150878906e-01
9.982160925865173340e-01
9.996915459632873535e-01
1.000088572502136230e+00
1.001602411270141602e+00
9.999172687530517578e-01
1.001764059066772461e+00
9.993547797203063965e-01
1.002062559127807617e+00
9.997318387031555176e-01
1.000000119209289551e+00
9.998034834861755371e-01
1.000874757766723633e+00
9.999843835830688477e-01
1.001329183578491211e+00
9.996610283851623535e-01
1.002458453178405762e+00
9.986442923545837402e-01
1.000036597251892090e+00
9.991558194160461426e-01
9.986466169357299805e-01
9.991713762283325195e-01
1.000303149223327637e+00
9.997451901435852051e-01
9.999049901962280273e-01
9.999905824661254883e-01
9.991567730903625488e-01
9.979517459869384766e-01
1.000915288925170898e+00
1.000134944915771484e+00
9.998778104782104492e-01
9.987834692001342773e-01
9.989451766014099121e-01
1.002076745033264160e+00
1.000412344932556152e+00
1.000380158424377441e+00
1.000048637390136719e+00
9.977571964263916016e-01
9.992085099220275879e-01
1.001036167144775391e+00
9.985203742980957031e-01
1.000254154205322266e+00
9.983070492744445801e-01
9.998010396957397461e-01
9.992083907127380371e-01
1.000243544578552246e+00
1.000013232231140137e+00
1.000969529151916504e+00
1.000641942024230957e+00
1.000182509422302246e+00
1.000136613845825195e+00
1.002316713333129883e+00
9.988726377487182617e-01
1.000858187675476074e+00
9.989878535270690918e-01
9.987633824348449707e-01
1.000096440315246582e+00
9.998908042907714844e-01
9.997997283935546875e-01
9.996379017829895020e-01
1.002246379852294922e+00
1.002038478851318359e+00
1.000360488891601562e+00
9.991672039031982422e-01
1.000552535057067871e+00
1.002743005752563477e+00
9.991573691368103027e-01
9.992846846580505371e-01
9.988008141517639160e-01
9.997701644897460938e-01
9.988678097724914551e-01
1.000265359878540039e+00
9.994543790817260742e-01
1.001231312751770020e+00
1.000164628028869629e+00
9.998070001602172852e-01
9.994172453880310059e-01
1.002210259437561035e+00
1.000518918037414551e+00
1.001716136932373047e+00
9.997932910919189453e-01
1.000547647476196289e+00
9.999246597290039062e-01
9.999995231628417969e-01
9.993921518325805664e-01
9.998457431793212891e-01
1.000477790832519531e+00
1.000220775604248047e+00
9.997884631156921387e-01
9.998748302459716797e-01
1.001176118850708008e+00
9.994463324546813965e-01
9.995406270027160645e-01
1.000148773193359375e+00
9.998236298561096191e-01
9.999004006385803223e-01
1.001096010208129883e+00
1.000848889350891113e+00
9.997142553329467773e-01
9.998654723167419434e-01
1.000265598297119141e+00
9.998367428779602051e-01
9.993675351142883301e-01
1.000487208366394043e+00
1.000144958496093750e+00
1.001134872436523438e+00
9.989126324653625488e-01
1.000129342079162598e+00
1.000414967536926270e+00
9.994949698448181152e-01
9.997367858886718750e-01
9.985798597335815430e-01
1.000207424163818359e+00
9.977516531944274902e-01
1.000955700874328613e+00
9.996114969253540039e-01
9.993653893470764160e-01
9.995825290679931641e-01
1.001152396202087402e+00
9.997541904449462891e-01
9.987469315528869629e-01
1.001248478889465332e+00
9.981575012207031250e-01
9.999990463256835938e-01
1.000058174133300781e+00
1.000652432441711426e+00
9.999676346778869629e-01
1.000250101089477539e+00
9.996694326400756836e-01
1.000241994857788086e+00
1.000073552131652832e+00
9.986126422882080078e-01
1.001561403274536133e+00
1.001273155212402344e+00
9.997872710227966309e-01
9.984717965126037598e-01
9.996517300605773926e-01
1.000145316123962402e+00
1.000013709068298340e+00
9.998086690902709961e-01
1.000634193420410156e+00
9.972013235092163086e-01
9.984892010688781738e-01
1.001187562942504883e+00
9.997829794883728027e-01
1.000973463058471680e+00
9.996072649955749512e-01
9.986286759376525879e-01
1.002736210823059082e+00
9.999868273735046387e-01
1.000431776046752930e+00
1.000204443931579590e+00
1.000556826591491699e+00
9.993236064910888672e-01
1.001029014587402344e+00
9.989215731620788574e-01
9.998180866241455078e-01
1.000033378601074219e+00
9.999408721923828125e-01
1.001364707946777344e+00
1.000920176506042480e+00
1.000586152076721191e+00
9.989778399467468262e-01
9.991027116775512695e-01
9.988393783569335938e-01
1.000622630119323730e+00
9.993119835853576660e-01
9.992362856864929199e-01
1.001850843429565430e+00
9.995559453964233398e-01
9.985666871070861816e-01
9.997612833976745605e-01
1.001032710075378418e+00
1.000885725021362305e+00
9.986492395401000977e-01
1.000234603881835938e+00
1.001381278038024902e+00
1.002013921737670898e+00
1.002506852149963379e+00
1.002753734588623047e+00
9.987702965736389160e-01
1.000335335731506348e+00
9.998589158058166504e-01
1.000805139541625977e+00
9.993052482604980469e-01
1.000248789787292480e+00
1.000525951385498047e+00
1.000083446502685547e+00
1.001834511756896973e+00
1.000468254089355469e+00
1.002092599868774414e+00
1.000672459602355957e+00
1.000688672065734863e+00
1.000281095504760742e+00
9.999328851699829102e-01
1.000192284584045410e+00
9.982513785362243652e-01
1.000454187393188477e+00
9.993770122528076172e-01
1.001708745956420898e+00
1.000222802162170410e+00
9.997453689575195312e-01
1.000074982643127441e+00
1.000214815139770508e+00
9.997659325599670410e-01
1.000110030174255371e+00
9.990594387054443359e-01
1.001679658889770508e+00
9.999240636825561523e-01
1.000949025154113770e+00
9.998150467872619629e-01
1.000916957855224609e+00
1.002242565155029297e+00
1.000637412071228027e+00
9.988483190536499023e-01
9.989817738533020020e-01
9.995955228805541992e-01
9.982185959815979004e-01
9.999632835388183594e-01
9.972816705703735352e-01
1.002172231674194336e+00
1.000584483146667480e+00
1.000359177589416504e+00
9.991092085838317871e-01
9.994214773178100586e-01
9.998711347579956055e-01
1.002347707748413086e+00
9.999729990959167480e-01
1.000062346458435059e+00
1.001346349716186523e+00
9.998661279678344727e-01
9.982649683952331543e-01
1.001042008399963379e+00
9.980280399322509766e-01
1.001913547515869141e+00
9.997642636299133301e-01
9.998085498809814453e-01
9.996936917304992676e-01
1.000490903854370117e+00
1.000571966171264648e+00
1.000077486038208008e+00
9.999499917030334473e-01
9.990974068641662598e-01
9.996264576911926270e-01
1.000352025032043457e+00
9.978032112121582031e-01
1.001813650131225586e+00
9.997865557670593262e-01
1.002939462661743164e+00
1.000084519386291504e+00
1.000316262245178223e+00
9.994806051254272461e-01
1.000893473625183105e+00
9.993798732757568359e-01
1.001158833503723145e+00
1.001572251319885254e+00
9.999879002571105957e-01
9.971677064895629883e-01
1.001536726951599121e+00
9.995996952056884766e-01
9.993450045585632324e-01
1.000277876853942871e+00
1.000210285186767578e+00
9.991223216056823730e-01
9.989435076713562012e-01
1.000360727310180664e+00
9.988692402839660645e-01
9.954307675361633301e-01
1.001004815101623535e+00
1.001520156860351562e+00
1.000344514846801758e+00
1.001523256301879883e+00
9.997723102569580078e-01
1.000896811485290527e+00
9.993998408317565918e-01
9.997347593307495117e-01
1.000048995018005371e+00
9.992811083793640137e-01
9.989373683929443359e-01
9.998786449432373047e-01
1.000383615493774414e+00
9.991464018821716309e-01
1.000394105911254883e+00
1.000036597251892090e+00
9.983756542205810547e-01
9.987120628356933594e-01
1.001540780067443848e+00
9.999921321868896484e-01
1.000356793403625488e+00
9.992038607597351074e-01
9.998214244842529297e-01
9.989863634109497070e-01
1.000647187232971191e+00
1.001386880874633789e+00
9.994572997093200684e-01
1.000858545303344727e+00
9.999246597290039062e-01
1.002139449119567871e+00
